fire_engine_toy_red_yellow_s/multiview-03-pixel_6pro/images/000.jpg fire_engine_toy_red_yellow_s/multiview-03-pixel_6pro/images/009.jpg 0 0 2720.000081062317 0.0 2040.0 0.0 2720.000081062317 1536.0 0.0 0.0 1.0 2720.000081062317 0.0 2040.0 0.0 2720.000081062317 1536.0 0.0 0.0 1.0 0.47230886712070425 0.6478831517903048 -0.5976383395109228 227.7390052405888 -0.698900807136355 0.6884172463657251 0.19395786549035576 -85.82358597993064 0.537086755531074 0.326081840700803 0.7779516757405581 72.44611565335765 0.0 0.0 0.0 1.0
bottle_vitamin_d_tablets/multiview-03-pixel_6pro/images/005.jpg bottle_vitamin_d_tablets/multiview-03-pixel_6pro/images/012.jpg 0 0 2720.000081062317 0.0 2040.0 0.0 2720.000081062317 1536.0 0.0 0.0 1.0 2720.000081062317 0.0 2040.0 0.0 2720.000081062317 1536.0 0.0 0.0 1.0 0.6144374617788865 0.36288400585582675 -0.7005578320102447 177.1517583410255 -0.6044476206516761 0.7871873473104462 -0.12238511074609447 39.919978057422995 0.5070587198804544 0.4986483550113771 0.7030223874044472 117.52387944427954 0.0 0.0 0.0 1.0
well_with_leaf_roof_showpiece/multiview-03-pixel_6pro/images/012.jpg well_with_leaf_roof_showpiece/multiview-03-pixel_6pro/images/014.jpg 0 0 2720.000081062317 0.0 2040.0 0.0 2720.000081062317 1536.0 0.0 0.0 1.0 2720.000081062317 0.0 2040.0 0.0 2720.000081062317 1536.0 0.0 0.0 1.0 0.45362431719105717 0.5490059949573262 -0.7020095627052167 133.3550754150615 -0.45707050465083743 0.819549980062141 0.3455786363786993 -44.375144485849695 0.7650565541410238 0.16410486933637547 0.6227023354505479 48.61638619352837 0.0 0.0 0.0 1.0
schleich_african_black_rhino/multiview-10-pixel_4xl/images/000.jpg schleich_african_black_rhino/multiview-10-pixel_4xl/images/010.jpg 0 0 3024.0 0.0 2016.0 0.0 3024.0 1512.0 0.0 0.0 1.0 3024.0 0.0 2016.0 0.0 3024.0 1512.0 0.0 0.0 1.0 0.9408290465380569 -0.11924718631096926 0.3172080450123367 -79.38638413511723 -0.09773314174862713 0.8007938828301578 0.5909136845725528 -155.9352201258307 -0.32448340313114166 -0.5869503740123057 0.7417555191732434 64.44776878023043 0.0 0.0 0.0 1.0
ice_cream_cart_showpiece/multiview-04-pixel_6pro/images/001.jpg ice_cream_cart_showpiece/multiview-04-pixel_6pro/images/013.jpg 0 0 2720.000081062317 0.0 2040.0 0.0 2720.000081062317 1536.0 0.0 0.0 1.0 2720.000081062317 0.0 2040.0 0.0 2720.000081062317 1536.0 0.0 0.0 1.0 0.7456275537190604 -0.4117463462799132 0.523932278563348 -91.83838269134823 0.42463305713177124 0.8995324547352559 0.10261045374610209 -16.254743735044222 -0.5135429852869495 0.1459697563080473 0.845557145534803 47.91432417912347 0.0 0.0 0.0 1.0
bunny_racer/multiview-03-pixel_5/images/002.jpg bunny_racer/multiview-03-pixel_5/images/003.jpg 0 0 3024.0 0.0 2016.0 0.0 3024.0 1512.0 0.0 0.0 1.0 3024.0 0.0 2016.0 0.0 3024.0 1512.0 0.0 0.0 1.0 0.16392676014147695 0.6281824261998812 -0.7606014704165974 227.9206799827426 -0.7225883669307779 0.601358901573084 0.34092941851695924 -82.59054912667222 0.6715604977991186 0.49371419157312524 0.5524964632615096 62.75264944243162 0.0 0.0 0.0 1.0
box_multi_door_colored/multiview-01-pixel_4a/images/008.jpg box_multi_door_colored/multiview-01-pixel_4a/images/013.jpg 0 0 3024.0 0.0 2016.0 0.0 3024.0 1512.0 0.0 0.0 1.0 3024.0 0.0 2016.0 0.0 3024.0 1512.0 0.0 0.0 1.0 0.8523749262615593 0.36147905313240136 -0.37787249437708553 138.1068270276625 -0.36127635857200796 0.929497852923332 0.07423368474011413 -39.85301942032194 0.37806585691041067 0.07324077218194067 0.9228767181668982 46.255042469837406 0.0 0.0 0.0 1.0
schleich_african_black_rhino/multiview-11-pixel_4xl/images/002.jpg schleich_african_black_rhino/multiview-11-pixel_4xl/images/023.jpg 0 0 3024.0 0.0 2016.0 0.0 3024.0 1512.0 0.0 0.0 1.0 3024.0 0.0 2016.0 0.0 3024.0 1512.0 0.0 0.0 1.0 0.3116590335378269 0.27787130304020885 -0.9086563827340853 214.7134089746226 -0.5956677078201128 0.8021837054728801 0.041003979475988286 10.268219335123115 0.7403031539490851 0.5284780189786601 0.41552676952038325 154.47862811844703 0.0 0.0 0.0 1.0
dino_4/multiview-11-pixel_5/images/000.jpg dino_4/multiview-11-pixel_5/images/002.jpg 0 0 3024.0 0.0 2016.0 0.0 3024.0 1512.0 0.0 0.0 1.0 3024.0 0.0 2016.0 0.0 3024.0 1512.0 0.0 0.0 1.0 0.9783113493640951 0.14214455452837557 -0.15067132229641125 40.69807935817154 -0.12077453574093575 0.9823843991352361 0.14259878328474532 -42.227885816693174 0.16828682434473863 -0.12130873584073154 0.9782452409347628 13.344269894599961 0.0 0.0 0.0 1.0
bunny_racer/multiview-09-pixel_5/images/015.jpg bunny_racer/multiview-09-pixel_5/images/021.jpg 0 0 3024.0 0.0 2016.0 0.0 3024.0 1512.0 0.0 0.0 1.0 3024.0 0.0 2016.0 0.0 3024.0 1512.0 0.0 0.0 1.0 0.9430059237295509 0.05317513437294793 -0.32849807251446606 63.75860361127888 0.05899518067972489 0.9447989751889891 0.32229310137328027 -131.57415895214126 0.32750365573008056 -0.32330453143100046 0.8878148137337523 74.90956046231142 0.0 0.0 0.0 1.0
steps_small_showpiece/multiview-02-pixel_6pro/images/010.jpg steps_small_showpiece/multiview-02-pixel_6pro/images/013.jpg 0 0 2720.000081062317 0.0 2040.0 0.0 2720.000081062317 1536.0 0.0 0.0 1.0 2720.000081062317 0.0 2040.0 0.0 2720.000081062317 1536.0 0.0 0.0 1.0 0.2750027419287272 -0.5779379768707614 0.7683494452072988 -147.92095024520634 0.7361176883954382 0.6406446568441881 0.21841437973432246 -36.63235946850303 -0.6184692013252447 0.5055311613191416 0.6016093914972596 63.61538395827279 0.0 0.0 0.0 1.0
garbage_truck_green_toy_s/multiview-04-pixel_6pro/images/001.jpg garbage_truck_green_toy_s/multiview-04-pixel_6pro/images/006.jpg 0 0 2720.000081062317 0.0 2040.0 0.0 2720.000081062317 1536.0 0.0 0.0 1.0 2720.000081062317 0.0 2040.0 0.0 2720.000081062317 1536.0 0.0 0.0 1.0 0.19561588199168634 0.7582388599431118 -0.6219392221511126 147.80652774500876 -0.8427142524625058 0.4543219456103021 0.28883272857673936 -63.69185262839645 0.5015647133870548 0.4676168310934861 0.7278511834448582 141.50331902793502 0.0 0.0 0.0 1.0
weisshai_great_white_shark/multiview-08-pixel_5/images/009.jpg weisshai_great_white_shark/multiview-08-pixel_5/images/012.jpg 0 0 3024.0 0.0 2016.0 0.0 3024.0 1512.0 0.0 0.0 1.0 3024.0 0.0 2016.0 0.0 3024.0 1512.0 0.0 0.0 1.0 0.8881545009587553 0.37733924824818177 -0.262291134634568 74.74943897440735 -0.36497063596580953 0.9260194619977404 0.09635521507454245 -55.12457061453958 0.27924529502823925 0.010150241218820594 0.960166091102525 61.50923914269663 0.0 0.0 0.0 1.0
remote_control_toy_car_s/multiview-04-pixel_6pro/images/016.jpg remote_control_toy_car_s/multiview-04-pixel_6pro/images/017.jpg 0 0 2720.000081062317 0.0 2040.0 0.0 2720.000081062317 1536.0 0.0 0.0 1.0 2720.000081062317 0.0 2040.0 0.0 2720.000081062317 1536.0 0.0 0.0 1.0 0.6033694045626405 0.6202573525534858 -0.5012265790141932 115.41985308166848 -0.7818812076337822 0.5837651022423257 -0.21881910348342212 45.6933638752258 0.1568739498155732 0.5239288115172989 0.8371921024185016 78.29506568165857 0.0 0.0 0.0 1.0
circo_fish_toothbrush_holder_14995988/multiview-13-ipad_5/images/002.jpg circo_fish_toothbrush_holder_14995988/multiview-13-ipad_5/images/012.jpg 0 0 3248.0001068115234 0.0 2016.0 0.0 3248.0001068115234 1512.0 0.0 0.0 1.0 3248.0001068115234 0.0 2016.0 0.0 3248.0001068115234 1512.0 0.0 0.0 1.0 0.38366330031168666 -0.622652394353279 0.6819868656512302 -210.22295488795024 0.3607715843867413 0.7808743500993378 0.5099786451595849 -138.65880171355272 -0.8500858369555434 0.05038145129575401 0.5242279149289191 133.5619897539678 0.0 0.0 0.0 1.0
weisshai_great_white_shark/multiview-12-pixel_4xl/images/000.jpg weisshai_great_white_shark/multiview-12-pixel_4xl/images/024.jpg 0 0 3024.0 0.0 2016.0 0.0 3024.0 1512.0 0.0 0.0 1.0 3024.0 0.0 2016.0 0.0 3024.0 1512.0 0.0 0.0 1.0 0.4183435667698085 -0.47913656666770826 0.7716323822411396 -163.63537768295137 0.5417257462572053 0.8135243970188187 0.21144993403513448 -43.920702962532786 -0.7290551876690158 0.32955446130488264 0.5998933264570427 113.86115497516408 0.0 0.0 0.0 1.0
schleich_spinosaurus_action_figure/multiview-11-pixel_7/images/006.jpg schleich_spinosaurus_action_figure/multiview-11-pixel_7/images/009.jpg 0 0 2720.000081062317 0.0 2040.0 0.0 2720.000081062317 1536.0 0.0 0.0 1.0 2720.000081062317 0.0 2040.0 0.0 2720.000081062317 1536.0 0.0 0.0 1.0 0.8436283961226586 -0.046612384385061656 0.5349021083801417 -180.3566698125644 0.03141700647327862 0.9988040544881109 0.037487894112869194 6.81903581256244 -0.5360085416181117 -0.014820778046111163 0.8440824891607678 42.88726320157673 0.0 0.0 0.0 1.0
bunny_racer/multiview-00-pixel_5/images/003.jpg bunny_racer/multiview-00-pixel_5/images/004.jpg 0 0 3024.0 0.0 2016.0 0.0 3024.0 1512.0 0.0 0.0 1.0 3024.0 0.0 2016.0 0.0 3024.0 1512.0 0.0 0.0 1.0 0.8826715775718896 0.32697737789141734 -0.33760426033457525 73.84229348464828 -0.16176268692919832 0.8857910347533406 0.4349777855483622 -110.86671967906489 0.44127488110390867 -0.3293307288236555 0.8347552728406327 -3.6802113535329397 0.0 0.0 0.0 1.0
schleich_spinosaurus_action_figure/multiview-07-pixel_5/images/014.jpg schleich_spinosaurus_action_figure/multiview-07-pixel_5/images/022.jpg 0 0 3024.0 0.0 2016.0 0.0 3024.0 1512.0 0.0 0.0 1.0 3024.0 0.0 2016.0 0.0 3024.0 1512.0 0.0 0.0 1.0 0.5675526943774588 -0.322752617638209 0.7574404899146674 -238.0676986347468 0.1539337556334486 0.9453387505541418 0.28747466176617353 -110.08242365755186 -0.8088206074404515 -0.046560929841358345 0.5862103533776564 203.77377196644102 0.0 0.0 0.0 1.0
weisshai_great_white_shark/multiview-07-sony_a7iv/images/005.jpg weisshai_great_white_shark/multiview-07-sony_a7iv/images/053.jpg 0 0 11351.99974822998 0.0 4752.0 0.0 11351.99974822998 3168.0 0.0 0.0 1.0 11087.99962234497 0.0 4752.0 0.0 11087.99962234497 3168.0 0.0 0.0 1.0 0.17732338307177642 0.7991624714351345 0.57436654283239 -230.30231784540675 -0.6673684188189163 0.526574791521503 -0.5266302736330035 244.54553075539746 -0.7233091383863809 -0.2899300752550085 0.6267092119696717 101.12228884373906 0.0 0.0 0.0 1.0
schleich_african_black_rhino/multiview-02-pixel_5/images/002.jpg schleich_african_black_rhino/multiview-02-pixel_5/images/004.jpg 0 0 3024.0 0.0 2016.0 0.0 3024.0 1512.0 0.0 0.0 1.0 3024.0 0.0 2016.0 0.0 3024.0 1512.0 0.0 0.0 1.0 0.20847834337935395 -0.458124591206095 0.8640943411793189 -190.8638820255916 0.468507075403571 0.8223202827755764 0.32294078014232636 -96.00843012453785 -0.8585094429589687 0.33750808023599665 0.38607042884443843 130.91436820108754 0.0 0.0 0.0 1.0
chicken_racer/multiview-13-pixel_4xl/images/000.jpg chicken_racer/multiview-13-pixel_4xl/images/019.jpg 0 0 3024.0 0.0 2016.0 0.0 3024.0 1512.0 0.0 0.0 1.0 3024.0 0.0 1512.0 0.0 3024.0 2016.0 0.0 0.0 1.0 0.7207816420090796 0.6432063352450268 -0.2583808278007261 33.69067304329899 -0.36592890408670625 0.6696671339565466 0.6462523288766882 -155.569206370156 0.5887025197416428 -0.37125754825069196 0.7180517271428906 102.1561348039796 0.0 0.0 0.0 1.0
dino_5/multiview-03-pixel_5/images/001.jpg dino_5/multiview-03-pixel_5/images/010.jpg 0 0 3024.0 0.0 2016.0 0.0 3024.0 1512.0 0.0 0.0 1.0 3024.0 0.0 2016.0 0.0 3024.0 1512.0 0.0 0.0 1.0 0.9546883162398085 -0.08610482616294446 0.2848793173587242 -39.63707494006371 0.09327844778119913 0.995571535996977 -0.011683283166721181 20.253633399762215 -0.2826117548791375 0.037727006041258344 0.958492190284249 28.16369510017256 0.0 0.0 0.0 1.0
circo_fish_toothbrush_holder_14995988/multiview-14-canon_t4i/images/001.jpg circo_fish_toothbrush_holder_14995988/multiview-14-canon_t4i/images/016.jpg 0 0 7413.99787902832 0.0 2592.0 0.0 7413.99787902832 1728.0 0.0 0.0 1.0 7413.99787902832 0.0 2592.0 0.0 7413.99787902832 1728.0 0.0 0.0 1.0 0.8934839874701376 -0.26943796415846055 0.3592904404439623 -198.24999165561874 0.161999856414685 0.9395349781765382 0.3017117633460327 -167.05191008211287 -0.41885839950664844 -0.21136954736143534 0.8831084047786337 63.19131400549935 0.0 0.0 0.0 1.0
dino_5/multiview-10-ipad_5/images/000.jpg dino_5/multiview-10-ipad_5/images/011.jpg 0 0 3248.0001068115234 0.0 2016.0 0.0 3248.0001068115234 1512.0 0.0 0.0 1.0 3248.0001068115234 0.0 2016.0 0.0 3248.0001068115234 1512.0 0.0 0.0 1.0 0.34717331256051503 -0.08254885622996586 0.9341610487193848 -377.0184067156787 0.7003771824940277 0.6852578112522372 -0.19973555504526733 113.4963311722031 -0.6236527181906294 0.7236077565865785 0.2957187515399417 298.3486826801891 0.0 0.0 0.0 1.0
3d_dollhouse_sink/multiview-07-pixel_7/images/007.jpg 3d_dollhouse_sink/multiview-07-pixel_7/images/027.jpg 0 0 2720.000081062317 0.0 2040.0 0.0 2720.000081062317 1536.0 0.0 0.0 1.0 2720.000081062317 0.0 2040.0 0.0 2720.000081062317 1536.0 0.0 0.0 1.0 0.09818330771622255 -0.28012916518333497 0.954928191707264 -214.9088720136313 0.42529003920695896 0.8793381620574293 0.21422752381051294 -21.968442544532326 -0.8997160534359937 0.38508790597176173 0.2054721913606737 173.14379654930445 0.0 0.0 0.0 1.0
duck_bath_yellow_s/multiview-00-pixel_4a/images/000.jpg duck_bath_yellow_s/multiview-00-pixel_4a/images/012.jpg 0 0 2688.0000801086426 0.0 2016.0 0.0 2688.0000801086426 1512.0 0.0 0.0 1.0 2688.0000801086426 0.0 2016.0 0.0 2688.0000801086426 1512.0 0.0 0.0 1.0 0.9498812972924465 0.09135521872230086 -0.29896438511041795 72.23940088500287 -0.08172691947100588 0.9956571043111109 0.04457917532968171 -6.132957912751448 0.3017384646740733 -0.017911503322470643 0.9532223127397201 -24.653153268398455 0.0 0.0 0.0 1.0
circo_fish_toothbrush_holder_14995988/multiview-11-canon_t4i/images/011.jpg circo_fish_toothbrush_holder_14995988/multiview-11-canon_t4i/images/017.jpg 0 0 7413.99787902832 0.0 2592.0 0.0 7413.99787902832 1728.0 0.0 0.0 1.0 7413.99787902832 0.0 2592.0 0.0 7413.99787902832 1728.0 0.0 0.0 1.0 0.631008468305113 0.1361840572989688 -0.7637291504702376 311.5726568917437 -0.5319277292930565 0.7925597380593237 -0.2981644821514013 118.79180999360818 0.5646957166049398 0.5943930228765584 0.5725519937355195 322.49494888170716 0.0 0.0 0.0 1.0
weisshai_great_white_shark/multiview-08-ipad_5/images/019.jpg weisshai_great_white_shark/multiview-08-ipad_5/images/038.jpg 0 0 3248.0001068115234 0.0 2016.0 0.0 3248.0001068115234 1512.0 0.0 0.0 1.0 3248.0001068115234 0.0 2016.0 0.0 3248.0001068115234 1512.0 0.0 0.0 1.0 0.47463145106698407 0.6506986260198985 -0.5927187675485379 96.21409841600601 -0.5193664322267232 0.7507196632237935 0.4082624805138522 -158.2610943262699 0.7106213760485762 0.1140641758713091 0.6942664802045597 233.5509313731053 0.0 0.0 0.0 1.0
pumpkin_showpiece_s/multiview-02-pixel_6pro/images/000.jpg pumpkin_showpiece_s/multiview-02-pixel_6pro/images/005.jpg 0 0 2720.000081062317 0.0 2040.0 0.0 2720.000081062317 1536.0 0.0 0.0 1.0 2720.000081062317 0.0 2040.0 0.0 2720.000081062317 1536.0 0.0 0.0 1.0 0.9091865665575782 0.3100010429785617 -0.27799115461869883 40.4300900728504 -0.3162185777564755 0.9483977329453025 0.023391638568499 -6.830631744992131 0.27089774582232967 0.06663862259762715 0.9602985762625552 -15.26789722263797 0.0 0.0 0.0 1.0
remote_control_toy_car_s/multiview-01-pixel_4a/images/006.jpg remote_control_toy_car_s/multiview-01-pixel_4a/images/011.jpg 0 0 3024.0 0.0 2016.0 0.0 3024.0 1512.0 0.0 0.0 1.0 3024.0 0.0 2016.0 0.0 3024.0 1512.0 0.0 0.0 1.0 0.305437671580976 0.4884769969407061 -0.8173728280174544 269.65290131834104 -0.5302500946439489 0.8002394286679172 0.28009264561262415 -101.37032435917536 0.7909124571897206 0.347861016465467 0.5034383080346863 120.49220334790198 0.0 0.0 0.0 1.0
paper_weight_flowers_showpiece/multiview-03-pixel_6pro/images/001.jpg paper_weight_flowers_showpiece/multiview-03-pixel_6pro/images/002.jpg 0 0 2720.000081062317 0.0 2040.0 0.0 2720.000081062317 1536.0 0.0 0.0 1.0 2720.000081062317 0.0 2040.0 0.0 2720.000081062317 1536.0 0.0 0.0 1.0 0.7250000030021034 0.35599120012115276 -0.5896144954773904 100.76075992938061 -0.35383000401541204 0.9269726744678873 0.12460239345148474 -21.560825022007556 0.590913882560161 0.11828656032097792 0.7980155628761552 12.367933533613865 0.0 0.0 0.0 1.0
schleich_african_black_rhino/multiview-01-pixel_5/images/002.jpg schleich_african_black_rhino/multiview-01-pixel_5/images/007.jpg 0 0 3024.0 0.0 2016.0 0.0 3024.0 1512.0 0.0 0.0 1.0 3024.0 0.0 2016.0 0.0 3024.0 1512.0 0.0 0.0 1.0 0.07164273921818438 0.5597498244635701 -0.8255585441399246 269.4498864922964 -0.3740697092541442 0.7823520243792561 0.49799261983077336 -143.921930537461 0.9246292149833306 0.27313906525184994 0.265435224724503 176.18353544566554 0.0 0.0 0.0 1.0
water_gun_toy_yellow/multiview-03-pixel_6pro/images/001.jpg water_gun_toy_yellow/multiview-03-pixel_6pro/images/008.jpg 0 0 2720.000081062317 0.0 2040.0 0.0 2720.000081062317 1536.0 0.0 0.0 1.0 2720.000081062317 0.0 2040.0 0.0 2720.000081062317 1536.0 0.0 0.0 1.0 0.7967680537663094 0.3378663853646861 -0.5010059615217886 147.34660672545195 -0.5319498018267276 0.7855005873778219 -0.3162565637268863 110.00840542115111 0.28668794553925236 0.518493104423785 0.8055897635621074 60.606972790808044 0.0 0.0 0.0 1.0
welcome_sign_mushrooms/multiview-01-pixel_4a/images/004.jpg welcome_sign_mushrooms/multiview-01-pixel_4a/images/013.jpg 0 0 3024.0 0.0 2016.0 0.0 3024.0 1512.0 0.0 0.0 1.0 3024.0 0.0 2016.0 0.0 3024.0 1512.0 0.0 0.0 1.0 0.3112276004056289 0.5687921276271233 -0.7613235106564984 138.05336198201817 -0.7440987626601012 0.6441734361649294 0.1770821324428543 -35.550213356413856 0.5911468969038699 0.511387061500455 0.6237218013909053 116.87395832523167 0.0 0.0 0.0 1.0
weisshai_great_white_shark/multiview-03-pixel_5/images/005.jpg weisshai_great_white_shark/multiview-03-pixel_5/images/009.jpg 0 0 3024.0 0.0 2016.0 0.0 3024.0 1512.0 0.0 0.0 1.0 3024.0 0.0 2016.0 0.0 3024.0 1512.0 0.0 0.0 1.0 0.26665293920119204 -0.16188416554005097 0.9500995521072267 -289.7940145045622 0.6923976911664116 0.7179139976113419 -0.07200403742254051 40.37228592076278 -0.6704338567248145 0.6770468425139745 0.3035222390363096 176.20284024225734 0.0 0.0 0.0 1.0
schleich_lion_action_figure/multiview-07-pixel_5/images/024.jpg schleich_lion_action_figure/multiview-07-pixel_5/images/027.jpg 0 0 3024.0 0.0 2016.0 0.0 3024.0 1512.0 0.0 0.0 1.0 3024.0 0.0 2016.0 0.0 3024.0 1512.0 0.0 0.0 1.0 0.7753639740221507 0.26608933203859386 -0.572719412409178 105.41842997736393 -0.5277223106505209 0.7711377865197516 -0.3561692845041074 68.21595404860899 0.34687284753488185 0.5783977321492884 0.7383332966201676 67.10733426149264 0.0 0.0 0.0 1.0
3d_dollhouse_sink/multiview-06-pixel_7/images/004.jpg 3d_dollhouse_sink/multiview-06-pixel_7/images/020.jpg 0 0 2720.000081062317 0.0 2040.0 0.0 2720.000081062317 1536.0 0.0 0.0 1.0 2720.000081062317 0.0 2040.0 0.0 2720.000081062317 1536.0 0.0 0.0 1.0 0.33413671025809255 -0.821073402836357 0.46280772233348577 -180.65975501625587 0.6259692690975727 0.5604162931155818 0.5423063700316022 -178.22005209698753 -0.7046385456893238 0.10849904142517991 0.7012222534178146 136.17428707381384 0.0 0.0 0.0 1.0
schleich_spinosaurus_action_figure/multiview-00-pixel_5/images/000.jpg schleich_spinosaurus_action_figure/multiview-00-pixel_5/images/003.jpg 0 0 3024.0 0.0 2016.0 0.0 3024.0 1512.0 0.0 0.0 1.0 3024.0 0.0 2016.0 0.0 3024.0 1512.0 0.0 0.0 1.0 0.2836878823278051 0.5228648016216485 -0.8038242369247374 185.51981787651073 -0.4102456329431868 0.8238521190615351 0.3911073916725487 -116.89664412684688 0.8667288743619254 0.21881320610895882 0.4482195916552845 117.49485723517017 0.0 0.0 0.0 1.0
box_multi_door_colored/multiview-01-pixel_4a/images/007.jpg box_multi_door_colored/multiview-01-pixel_4a/images/010.jpg 0 0 3024.0 0.0 2016.0 0.0 3024.0 1512.0 0.0 0.0 1.0 3024.0 0.0 2016.0 0.0 3024.0 1512.0 0.0 0.0 1.0 0.9419366878683495 0.2731149260482199 -0.1953546745921939 93.24811742330303 -0.16286316289190508 0.8803470451552341 0.44549324549763275 -174.9817969336835 0.2936509465008322 -0.3878103459845967 0.8737115470861309 24.680631497273396 0.0 0.0 0.0 1.0
duck_bath_yellow_s/multiview-04-pixel_6pro/images/003.jpg duck_bath_yellow_s/multiview-04-pixel_6pro/images/015.jpg 0 0 2720.000081062317 0.0 2040.0 0.0 2720.000081062317 1536.0 0.0 0.0 1.0 2720.000081062317 0.0 2040.0 0.0 2720.000081062317 1536.0 0.0 0.0 1.0 0.7795508074104432 0.3834211090932072 -0.4952641757533789 97.86710443029199 -0.41299599464860504 0.9091427161033565 0.053775899284183026 -6.766454651946459 0.47088610364993 0.16262081062351524 0.8670757185650867 12.808509986107765 0.0 0.0 0.0 1.0
can_kernel_corn/multiview-01-pixel_4a/images/009.jpg can_kernel_corn/multiview-01-pixel_4a/images/013.jpg 0 0 3024.0 0.0 2016.0 0.0 3024.0 1512.0 0.0 0.0 1.0 3024.0 0.0 2016.0 0.0 3024.0 1512.0 0.0 0.0 1.0 0.6046362477939267 0.6687777698726878 -0.43260978516213483 174.77444976041116 -0.6689095802172078 0.7212128277081091 0.1800331473050294 -46.915186698859465 0.432405906091385 0.18052221674570185 0.8834233503209277 -53.16205134128637 0.0 0.0 0.0 1.0
chicken_racer/multiview-13-pixel_4xl/images/013.jpg chicken_racer/multiview-13-pixel_4xl/images/028.jpg 0 0 3024.0 0.0 2016.0 0.0 3024.0 1512.0 0.0 0.0 1.0 3024.0 0.0 2016.0 0.0 3024.0 1512.0 0.0 0.0 1.0 0.2783713963406648 0.7732534203133515 -0.5697264431284165 183.03953960463065 -0.012930677181941139 0.5961357407964218 0.8027793803128429 -217.292305789278 0.9603862923191904 -0.21610385905410456 0.1759458110987827 99.06501225051632 0.0 0.0 0.0 1.0
circo_fish_toothbrush_holder_14995988/multiview-03-pixel_5/images/003.jpg circo_fish_toothbrush_holder_14995988/multiview-03-pixel_5/images/007.jpg 0 0 3024.0 0.0 2016.0 0.0 3024.0 1512.0 0.0 0.0 1.0 3024.0 0.0 2016.0 0.0 3024.0 1512.0 0.0 0.0 1.0 0.9499233116395942 0.26692326425308394 -0.16247357693944614 53.70011993559701 -0.1562711718160521 0.8560455258486844 0.49271230423197454 -188.86937775962147 0.270601181178672 -0.44264904257681664 0.8548899884629072 -22.190751216238937 0.0 0.0 0.0 1.0
garbage_truck_green_toy_s/multiview-01-pixel_4a/images/000.jpg garbage_truck_green_toy_s/multiview-01-pixel_4a/images/014.jpg 0 0 3024.0 0.0 2016.0 0.0 3024.0 1512.0 0.0 0.0 1.0 3024.0 0.0 2016.0 0.0 3024.0 1512.0 0.0 0.0 1.0 0.8295341448535557 0.5429286861259753 -0.1307712697515865 41.58307963502058 -0.50299667576278 0.8281168325303463 0.24741937322176966 -63.96728328014598 0.24262492826507773 -0.1394656205206483 0.9600428220478221 10.889320043948544 0.0 0.0 0.0 1.0
3d_dollhouse_sink/multiview-06-pixel_7/images/012.jpg 3d_dollhouse_sink/multiview-06-pixel_7/images/019.jpg 0 0 2720.000081062317 0.0 2040.0 0.0 2720.000081062317 1536.0 0.0 0.0 1.0 2720.000081062317 0.0 2040.0 0.0 2720.000081062317 1536.0 0.0 0.0 1.0 0.23506955430527207 -0.1455916201747102 0.9610128803071177 -233.29436336639122 0.7058596947998856 0.7052880236681676 -0.0658076255633855 41.17881725870719 -0.6682095771698572 0.6938095250431239 0.2685587099370878 286.0770871618831 0.0 0.0 0.0 1.0
water_gun_toy_yellow/multiview-02-pixel_6pro/images/002.jpg water_gun_toy_yellow/multiview-02-pixel_6pro/images/010.jpg 0 0 2720.000081062317 0.0 2040.0 0.0 2720.000081062317 1536.0 0.0 0.0 1.0 2720.000081062317 0.0 2040.0 0.0 2720.000081062317 1536.0 0.0 0.0 1.0 0.04366090086234081 0.6497577722039312 -0.7588857271488025 214.60159158066247 -0.8984894099750328 0.357665864397107 0.25453941009117353 -79.18193889429926 0.43681653374463175 0.6707375671909896 0.5994163962078009 178.21867103104938 0.0 0.0 0.0 1.0
dino_5/multiview-09-canon_t4i/images/011.jpg dino_5/multiview-09-canon_t4i/images/014.jpg 0 0 7645.685737609863 0.0 2592.0 0.0 7645.685737609863 1728.0 0.0 0.0 1.0 7645.685737609863 0.0 2592.0 0.0 7645.685737609863 1728.0 0.0 0.0 1.0 0.8735824979018108 -0.1015441689669224 0.4759628115492257 -224.85324449266517 0.3491740683155135 0.8120322072605412 -0.46763177660497535 227.9187042942788 -0.33901234991423285 0.5747092965406656 0.7448352710247524 135.38082481879218 0.0 0.0 0.0 1.0
schleich_spinosaurus_action_figure/multiview-05-pixel_5/images/000.jpg schleich_spinosaurus_action_figure/multiview-05-pixel_5/images/003.jpg 0 0 3024.0 0.0 2016.0 0.0 3024.0 1512.0 0.0 0.0 1.0 3024.0 0.0 2016.0 0.0 3024.0 1512.0 0.0 0.0 1.0 0.9983361660010388 -0.01511525898032125 0.05565369130548069 -11.381604631969156 -0.0008254580554580607 0.9611977642634129 0.2758636219542541 -97.38230391290455 -0.0576626808663781 -0.2754503353713005 0.9595852168120064 -43.81572950445201 0.0 0.0 0.0 1.0
tumbler_air_balloon/multiview-02-pixel_6pro/images/005.jpg tumbler_air_balloon/multiview-02-pixel_6pro/images/015.jpg 0 0 2720.000081062317 0.0 2040.0 0.0 2720.000081062317 1536.0 0.0 0.0 1.0 2720.000081062317 0.0 2040.0 0.0 2720.000081062317 1536.0 0.0 0.0 1.0 0.9056039329318137 0.22151607786998304 -0.3616799396953311 84.24244493583927 -0.310880539295241 0.9267802993810099 -0.21078823692201176 48.39000501711289 0.2885048272266449 0.303330005083219 0.9081607668509516 44.0536191341387 0.0 0.0 0.0 1.0
schleich_hereford_bull/multiview-01-ipad_4/images/001.jpg schleich_hereford_bull/multiview-01-ipad_4/images/017.jpg 0 0 3248.0001068115234 0.0 2016.0 0.0 3248.0001068115234 1512.0 0.0 0.0 1.0 3248.0001068115234 0.0 2016.0 0.0 3248.0001068115234 1512.0 0.0 0.0 1.0 0.41049587458405457 0.283967278821546 -0.8665193217065246 232.570492994127 -0.46534756416993056 0.8824545493476849 0.06874056467368266 18.67573888370649 0.7841841221094084 0.3750151195710307 0.49438720070477243 113.13169829539012 0.0 0.0 0.0 1.0
box_multi_door_colored/multiview-00-pixel_4a/images/005.jpg box_multi_door_colored/multiview-00-pixel_4a/images/017.jpg 0 0 3024.0 0.0 2016.0 0.0 3024.0 1512.0 0.0 0.0 1.0 3024.0 0.0 2016.0 0.0 3024.0 1512.0 0.0 0.0 1.0 0.5740291980624188 -0.454353145167434 0.6812147838684808 -195.77155612976452 0.46039398919771635 0.8670652376913142 0.19035716059058014 -72.46216349580841 -0.6771472363369145 0.20435662433760293 0.7069021478618914 129.53749211645848 0.0 0.0 0.0 1.0
school_bus/multiview-07-pixel_5/images/001.jpg school_bus/multiview-07-pixel_5/images/003.jpg 0 0 3024.0 0.0 2016.0 0.0 3024.0 1512.0 0.0 0.0 1.0 3024.0 0.0 2016.0 0.0 3024.0 1512.0 0.0 0.0 1.0 0.7855418856723143 0.5239595650220564 -0.32922711554893136 129.60393181311775 -0.392620967484803 0.8332454488262481 0.389295603279501 -136.79666702303658 0.47830219246166367 -0.17654647542188034 0.8602665159698114 -15.358819814335106 0.0 0.0 0.0 1.0
weisshai_great_white_shark/multiview-03-pixel_5/images/005.jpg weisshai_great_white_shark/multiview-03-pixel_5/images/008.jpg 0 0 3024.0 0.0 2016.0 0.0 3024.0 1512.0 0.0 0.0 1.0 3024.0 0.0 2016.0 0.0 3024.0 1512.0 0.0 0.0 1.0 0.8509417630870733 -0.13163841426698905 0.5084966205826162 -139.77830753654382 0.3742771025258211 0.8311830306257659 -0.41115734878757093 129.54251673158308 -0.36853036757400304 0.5401896978083476 0.7565577903179689 71.01768801566942 0.0 0.0 0.0 1.0
water_gun_toy_white/multiview-02-pixel_6pro/images/000.jpg water_gun_toy_white/multiview-02-pixel_6pro/images/005.jpg 0 0 2720.000081062317 0.0 2040.0 0.0 2720.000081062317 1536.0 0.0 0.0 1.0 2720.000081062317 0.0 2040.0 0.0 2720.000081062317 1536.0 0.0 0.0 1.0 0.8793114247862563 -0.3609374092405014 0.31070279507042453 -77.4682853554214 0.3587055853251095 0.9310823209238405 0.06645736335399569 -21.403493211852137 -0.3132768055247235 0.05301392903070186 0.9481810232373802 20.233933564167387 0.0 0.0 0.0 1.0
dino_5/multiview-13-pixel_7/images/029.jpg dino_5/multiview-13-pixel_7/images/041.jpg 0 0 2720.000081062317 0.0 2040.0 0.0 2720.000081062317 1536.0 0.0 0.0 1.0 2720.000081062317 0.0 2040.0 0.0 2720.000081062317 1536.0 0.0 0.0 1.0 0.18859240959111126 0.18190306935521727 -0.9650615563134305 230.2748936583485 -0.010751461848898122 0.9830192086389399 0.18318682592197053 -32.8005621620609 0.9819966337289434 -0.02417185665600745 0.18734586535882505 215.1954532999337 0.0 0.0 0.0 1.0
3d_dollhouse_sink/multiview-02-pixel_6pro/images/002.jpg 3d_dollhouse_sink/multiview-02-pixel_6pro/images/004.jpg 0 0 2720.000081062317 0.0 2040.0 0.0 2720.000081062317 1536.0 0.0 0.0 1.0 2720.000081062317 0.0 2040.0 0.0 2720.000081062317 1536.0 0.0 0.0 1.0 0.7919132308619445 -0.10051439208127971 0.6023042992087083 -183.0488496645972 0.15927785182292203 0.9862151209154708 -0.044836790314345544 28.967370554479515 -0.5894949011515015 0.13144066975187166 0.7970063056682407 128.39551072631681 0.0 0.0 0.0 1.0
schleich_bald_eagle/multiview-02-pixel_5/images/003.jpg schleich_bald_eagle/multiview-02-pixel_5/images/004.jpg 0 0 3024.0 0.0 2016.0 0.0 3024.0 1512.0 0.0 0.0 1.0 3024.0 0.0 2016.0 0.0 3024.0 1512.0 0.0 0.0 1.0 0.9768907621116241 0.16240995640789285 -0.13894957490218918 39.269313999500156 -0.10236327707879299 0.9261890981046307 0.3628983828880814 -78.19843934200706 0.18763194135291336 -0.3402886271684325 0.92141072106656 3.9162711047741823 0.0 0.0 0.0 1.0
school_bus/multiview-09-pixel_4xl/images/016.jpg school_bus/multiview-09-pixel_4xl/images/025.jpg 0 0 3024.0 0.0 2016.0 0.0 3024.0 1512.0 0.0 0.0 1.0 3024.0 0.0 2016.0 0.0 3024.0 1512.0 0.0 0.0 1.0 0.36341356033852895 0.7275440458059022 -0.5819021683684771 178.27922590905234 -0.3471114010357524 0.6853761134307982 0.6401351812412527 -198.8667535387893 0.8645484884011656 -0.030649165322059444 0.5016140131878247 75.54645530973096 0.0 0.0 0.0 1.0
schleich_hereford_bull/multiview-02-pixel_5/images/001.jpg schleich_hereford_bull/multiview-02-pixel_5/images/006.jpg 0 0 3024.0 0.0 2016.0 0.0 3024.0 1512.0 0.0 0.0 1.0 3024.0 0.0 2016.0 0.0 3024.0 1512.0 0.0 0.0 1.0 0.4084814086211845 -0.32467433304038645 0.8530709057838776 -173.25479963687346 0.2262468721677156 0.9414493104528109 0.24997535101680732 -66.87018587581395 -0.8842835007013553 0.09089454114145043 0.45802029058776794 155.83674940770652 0.0 0.0 0.0 1.0
school_bus/multiview-08-pixel_4xl/images/009.jpg school_bus/multiview-08-pixel_4xl/images/014.jpg 0 0 3024.0 0.0 2016.0 0.0 3024.0 1512.0 0.0 0.0 1.0 3024.0 0.0 2016.0 0.0 3024.0 1512.0 0.0 0.0 1.0 0.8984068153962474 0.34135012487508665 -0.2763066750539164 66.61574581518484 -0.2888403696001217 0.9332147442342419 0.21373540115582113 -45.763849925120596 0.33081217674054586 -0.11221279541368603 0.9370021325851847 -39.15041517831705 0.0 0.0 0.0 1.0
schleich_lion_action_figure/multiview-11-ipad_5/images/019.jpg schleich_lion_action_figure/multiview-11-ipad_5/images/026.jpg 0 0 3248.0001068115234 0.0 2016.0 0.0 3248.0001068115234 1512.0 0.0 0.0 1.0 3248.0001068115234 0.0 2016.0 0.0 3248.0001068115234 1512.0 0.0 0.0 1.0 0.13186799962945542 -0.27954943723173076 0.9510322846860321 -221.42458399514865 0.7519719017368097 0.6533249830819273 0.08777362685044246 -28.305732633576433 -0.6458704233441213 0.7035754829511034 0.29636604370917735 174.24315913047425 0.0 0.0 0.0 1.0
hand_drill_cordless_blue_black/multiview-04-pixel_6pro/images/009.jpg hand_drill_cordless_blue_black/multiview-04-pixel_6pro/images/010.jpg 0 0 2720.000081062317 0.0 2040.0 0.0 2720.000081062317 1536.0 0.0 0.0 1.0 2720.000081062317 0.0 2040.0 0.0 2720.000081062317 1536.0 0.0 0.0 1.0 0.8347992246205821 0.4193785689388121 -0.35669600031214366 128.6223762236692 -0.4223248952968832 0.903435051675149 0.07380191139064186 -21.157503962064656 0.35320263234795696 0.08903193639517823 0.9313008406493769 20.59203761941575 0.0 0.0 0.0 1.0
school_bus/multiview-09-pixel_4xl/images/015.jpg school_bus/multiview-09-pixel_4xl/images/017.jpg 0 0 3024.0 0.0 2016.0 0.0 3024.0 1512.0 0.0 0.0 1.0 3024.0 0.0 2016.0 0.0 3024.0 1512.0 0.0 0.0 1.0 0.387000608320481 0.4756701405939728 -0.7899167830993593 193.50459650599257 -0.3097189145187674 0.8739542284368097 0.37453627973572434 -91.02805457963731 0.8685068083304649 0.09970646901597198 0.48554478567201576 188.744505141061 0.0 0.0 0.0 1.0
schleich_african_black_rhino/multiview-10-pixel_4xl/images/007.jpg schleich_african_black_rhino/multiview-10-pixel_4xl/images/026.jpg 0 0 3024.0 0.0 2016.0 0.0 3024.0 1512.0 0.0 0.0 1.0 3024.0 0.0 2016.0 0.0 3024.0 1512.0 0.0 0.0 1.0 0.4934816827907711 0.017855759245630376 0.8695729846767735 -198.1109704047593 0.377227660265841 0.8964655999118873 -0.23248425405932954 80.33582959346339 -0.7836932711982217 0.4427536669695085 0.435653650364727 176.803377610808 0.0 0.0 0.0 1.0
water_gun_toy_white/multiview-00-pixel_4a/images/000.jpg water_gun_toy_white/multiview-00-pixel_4a/images/002.jpg 0 0 3024.0 0.0 2016.0 0.0 3024.0 1512.0 0.0 0.0 1.0 3024.0 0.0 2016.0 0.0 3024.0 1512.0 0.0 0.0 1.0 0.21775052262406963 -0.7249786782953045 0.6534452915145438 -206.26437038932087 0.5224278209928996 0.6521000459794395 0.5493954736337345 -190.02655611571112 -0.8244116461767144 0.22174676332896062 0.5207441882001085 96.29598065192397 0.0 0.0 0.0 1.0
steps_small_showpiece/multiview-02-pixel_6pro/images/003.jpg steps_small_showpiece/multiview-02-pixel_6pro/images/005.jpg 0 0 2720.000081062317 0.0 2040.0 0.0 2720.000081062317 1536.0 0.0 0.0 1.0 2720.000081062317 0.0 2040.0 0.0 2720.000081062317 1536.0 0.0 0.0 1.0 0.9308447522968554 -0.2444727213031462 0.27159083292780345 -55.13953742953324 0.29557584601866554 0.9407443903558008 -0.166238518818231 32.13490846270838 -0.21485668096839303 0.23501806071971065 0.9479468560685167 66.19311142395912 0.0 0.0 0.0 1.0
3d_dollhouse_sink/multiview-05-pixel_5/images/023.jpg 3d_dollhouse_sink/multiview-05-pixel_5/images/030.jpg 0 0 3024.0 0.0 2016.0 0.0 3024.0 1512.0 0.0 0.0 1.0 3024.0 0.0 2016.0 0.0 3024.0 1512.0 0.0 0.0 1.0 0.9761366021250536 0.1538126308051252 -0.15329532937400625 47.14099716346872 -0.11202162444924166 0.9613987378824294 0.2513246146893495 -97.81966672250644 0.18603480873733075 -0.22815454214550135 0.9556864410556279 16.016401397617415 0.0 0.0 0.0 1.0
schleich_bald_eagle/multiview-08-canon_t4i/images/010.jpg schleich_bald_eagle/multiview-08-canon_t4i/images/012.jpg 0 0 11352.684677124023 0.0 2592.0 0.0 11352.684677124023 1728.0 0.0 0.0 1.0 11352.684677124023 0.0 2592.0 0.0 11352.684677124023 1728.0 0.0 0.0 1.0 0.5656727479610072 -0.0885141008524418 0.8198655806831463 -332.2999718185633 0.04115710120597632 0.9960141276609589 0.07913473981977137 -32.18838959207817 -0.8236022840066538 -0.011021073570617334 0.5670610159932334 176.9464340894899 0.0 0.0 0.0 1.0
pumpkin_showpiece_s/multiview-04-pixel_6pro/images/002.jpg pumpkin_showpiece_s/multiview-04-pixel_6pro/images/007.jpg 0 0 2720.000081062317 0.0 2040.0 0.0 2720.000081062317 1536.0 0.0 0.0 1.0 2720.000081062317 0.0 2040.0 0.0 2720.000081062317 1536.0 0.0 0.0 1.0 0.6390903234069911 -0.5575138495881294 0.5298505438637733 -163.3834621972219 0.517984959479376 0.8212276929566708 0.23932493668929722 -58.198505615960535 -0.5685549984256113 0.12150417328211531 0.8136226931621298 -43.601220155939586 0.0 0.0 0.0 1.0
schleich_hereford_bull/multiview-02-pixel_5/images/009.jpg schleich_hereford_bull/multiview-02-pixel_5/images/016.jpg 0 0 3024.0 0.0 2016.0 0.0 3024.0 1512.0 0.0 0.0 1.0 3024.0 0.0 2016.0 0.0 3024.0 1512.0 0.0 0.0 1.0 0.9360018448681514 0.30136615174733683 -0.18187161804685195 53.51685535354253 -0.22164126027255976 0.9060041349225846 0.3605963877559985 -53.346963094348254 0.273447879084161 -0.29720956996431547 0.9148182278036084 24.281052376886805 0.0 0.0 0.0 1.0
fire_engine_toy_red_yellow_s/multiview-01-pixel_4a/images/005.jpg fire_engine_toy_red_yellow_s/multiview-01-pixel_4a/images/009.jpg 0 0 3024.0 0.0 2016.0 0.0 3024.0 1512.0 0.0 0.0 1.0 3024.0 0.0 2016.0 0.0 3024.0 1512.0 0.0 0.0 1.0 0.10109039342913614 -0.5369526786706217 0.8375334225482001 -246.74345577132442 0.6020813023660831 0.7032015626291165 0.37815936445347564 -147.4973935662301 -0.7920087331949519 0.4660347121358587 0.3943765943185898 206.2812946810111 0.0 0.0 0.0 1.0
schleich_hereford_bull/multiview-05-ipad_5/images/001.jpg schleich_hereford_bull/multiview-05-ipad_5/images/011.jpg 0 0 3248.0001068115234 0.0 2016.0 0.0 3248.0001068115234 1512.0 0.0 0.0 1.0 3248.0001068115234 0.0 2016.0 0.0 3248.0001068115234 1512.0 0.0 0.0 1.0 0.9431872015928314 0.1815741962133123 -0.27825972969208584 90.77892773078224 -0.1619180343620722 0.982481202568381 0.09226682681596679 -33.94675500446157 0.29013825830677925 -0.04196952773644069 0.9560638720901183 -71.91802843052687 0.0 0.0 0.0 1.0
remote_control_toy_car_s/multiview-01-pixel_4a/images/005.jpg remote_control_toy_car_s/multiview-01-pixel_4a/images/014.jpg 0 0 3024.0 0.0 2016.0 0.0 3024.0 1512.0 0.0 0.0 1.0 3024.0 0.0 2016.0 0.0 3024.0 1512.0 0.0 0.0 1.0 0.18237655541734557 0.8448909233369587 -0.5028897953407777 201.86728674286664 -0.47243265902352105 0.523858153168637 0.7087880929864177 -234.33183041106486 0.8622914526888963 0.10831499507930907 0.49469358661070595 142.17794424129036 0.0 0.0 0.0 1.0
schleich_african_black_rhino/multiview-11-pixel_4xl/images/003.jpg schleich_african_black_rhino/multiview-11-pixel_4xl/images/016.jpg 0 0 3024.0 0.0 2016.0 0.0 3024.0 1512.0 0.0 0.0 1.0 3024.0 0.0 2016.0 0.0 3024.0 1512.0 0.0 0.0 1.0 0.9762919978489887 -0.1996161136581249 0.08370892063907871 6.002771265681782 0.21454491300392703 0.8410846737605538 -0.4965349347941798 87.3680422301728 0.028710037035782624 0.5027223967445067 0.8639709752741832 60.89383800574274 0.0 0.0 0.0 1.0
bottle_vitamin_d_tablets/multiview-02-pixel_6pro/images/004.jpg bottle_vitamin_d_tablets/multiview-02-pixel_6pro/images/006.jpg 0 0 2720.000081062317 0.0 2040.0 0.0 2720.000081062317 1536.0 0.0 0.0 1.0 2720.000081062317 0.0 2040.0 0.0 2720.000081062317 1536.0 0.0 0.0 1.0 0.7944251673650627 -0.4332128802427673 0.4256939732955919 -96.21321460999911 0.37236126164020633 0.9011129015644262 0.22213259819602024 -64.27637753557988 -0.47982888295877596 -0.017955797226046264 0.8771784455427604 4.752546312940069 0.0 0.0 0.0 1.0
steps_small_showpiece/multiview-04-pixel_6pro/images/008.jpg steps_small_showpiece/multiview-04-pixel_6pro/images/013.jpg 0 0 2720.000081062317 0.0 2040.0 0.0 2720.000081062317 1536.0 0.0 0.0 1.0 2720.000081062317 0.0 2040.0 0.0 2720.000081062317 1536.0 0.0 0.0 1.0 0.642761413739225 0.4416345173458991 -0.6259525763091782 125.91447755278188 -0.40345460881744655 0.8897509481558599 0.21346602959285982 -43.61944336268694 0.6512159591414279 0.11533569210019941 0.7500770882244644 53.342096050802894 0.0 0.0 0.0 1.0
remote_control_toy_car_s/multiview-03-pixel_6pro/images/013.jpg remote_control_toy_car_s/multiview-03-pixel_6pro/images/014.jpg 0 0 2720.000081062317 0.0 2040.0 0.0 2720.000081062317 1536.0 0.0 0.0 1.0 2720.000081062317 0.0 2040.0 0.0 2720.000081062317 1536.0 0.0 0.0 1.0 0.7522818041621967 0.5629441315220474 -0.3422929362786791 96.53017348556969 -0.3985781452903571 0.8025467474472557 0.4439061570152572 -119.46801771771251 0.5246014523111726 -0.19751251789292876 0.8281195503736642 59.63334085798965 0.0 0.0 0.0 1.0
schleich_african_black_rhino/multiview-07-pixel_4xl/images/000.jpg schleich_african_black_rhino/multiview-07-pixel_4xl/images/020.jpg 0 0 3024.0 0.0 2016.0 0.0 3024.0 1512.0 0.0 0.0 1.0 3024.0 0.0 2016.0 0.0 3024.0 1512.0 0.0 0.0 1.0 0.3036925998537204 -0.46198745900531435 0.8332702474946948 -216.89555756551852 0.8432754597414818 0.5374000492552183 -0.009390191085586074 -5.784449097828467 -0.44346076441574134 0.7055279683371954 0.5527870467977671 151.5557827513346 0.0 0.0 0.0 1.0
bunny_racer/multiview-13-pixel_7/images/008.jpg bunny_racer/multiview-13-pixel_7/images/034.jpg 0 0 2720.000081062317 0.0 2040.0 0.0 2720.000081062317 1536.0 0.0 0.0 1.0 2720.000081062317 0.0 2040.0 0.0 2720.000081062317 1536.0 0.0 0.0 1.0 0.5040543946180949 -0.02962272729874535 0.8631638282842781 -248.54491799338078 0.28431279498573137 0.94939907507877 -0.13344565709298759 11.80961008374642 -0.8155338957529981 0.31267240752046965 0.4869709137884633 84.94417605052419 0.0 0.0 0.0 1.0
dino_4/multiview-07-pixel_5/images/009.jpg dino_4/multiview-07-pixel_5/images/023.jpg 0 0 3024.0 0.0 2016.0 0.0 3024.0 1512.0 0.0 0.0 1.0 3024.0 0.0 2016.0 0.0 3024.0 1512.0 0.0 0.0 1.0 0.7097743101733356 0.20760496287296404 -0.6731425816336072 195.13099675173137 -0.6399281627931314 0.5894864222080787 -0.4929480456437867 156.25858953260035 0.29446982046187214 0.7806446315669717 0.5512543042135536 187.05606910799702 0.0 0.0 0.0 1.0
schleich_spinosaurus_action_figure/multiview-11-canon_t4i/images/017.jpg schleich_spinosaurus_action_figure/multiview-11-canon_t4i/images/036.jpg 0 0 6255.561058044434 0.0 2592.0 0.0 6255.561058044434 1728.0 0.0 0.0 1.0 6255.561058044434 0.0 2592.0 0.0 6255.561058044434 1728.0 0.0 0.0 1.0 0.6355733153232244 -0.5917115025943521 0.49590756814917847 -283.09469047176077 -0.06178069627849092 0.6012929496290235 0.796636806462489 -427.09277173543234 -0.769564725095444 -0.5369583324004783 0.3456092962445696 418.69619031523797 0.0 0.0 0.0 1.0
dino_4/multiview-07-ipad_5/images/004.jpg dino_4/multiview-07-ipad_5/images/028.jpg 0 0 3248.0001068115234 0.0 2016.0 0.0 3248.0001068115234 1512.0 0.0 0.0 1.0 3248.0001068115234 0.0 2016.0 0.0 3248.0001068115234 1512.0 0.0 0.0 1.0 0.8314219394932062 -0.32275744416305957 0.4522890044672305 -171.1370405807006 0.3518366445021638 0.9358253359683565 0.02104821272050449 -1.83453795655198 -0.4300572203320722 0.14163199857501454 0.8916233133193565 27.17338428776702 0.0 0.0 0.0 1.0
remote_control_toy_car_s/multiview-02-pixel_6pro/images/005.jpg remote_control_toy_car_s/multiview-02-pixel_6pro/images/006.jpg 0 0 2720.000081062317 0.0 2040.0 0.0 2720.000081062317 1536.0 0.0 0.0 1.0 2720.000081062317 0.0 2040.0 0.0 2720.000081062317 1536.0 0.0 0.0 1.0 0.9597563199779737 0.24260514893957083 -0.14145912104523278 30.93089401624781 -0.1582405190221033 0.8833087353617154 0.44127957098514975 -109.79915410772459 0.2320091919078808 -0.4011361063488405 0.8861509513936515 2.1451056092289207 0.0 0.0 0.0 1.0
water_gun_toy_green/multiview-00-pixel_4a/images/001.jpg water_gun_toy_green/multiview-00-pixel_4a/images/003.jpg 0 0 2688.0000801086426 0.0 2016.0 0.0 2688.0000801086426 1512.0 0.0 0.0 1.0 2688.0000801086426 0.0 2016.0 0.0 2688.0000801086426 1512.0 0.0 0.0 1.0 0.9920678801740171 -0.048826737562218836 0.11582964965231748 -42.696020740801956 -0.0025132723753887045 0.913585337686589 0.406638523733619 -91.22917510020301 -0.1256750483375807 -0.4037040955789361 0.9062166349323205 24.585805062778007 0.0 0.0 0.0 1.0
pumpkin_showpiece_s/multiview-02-pixel_6pro/images/008.jpg pumpkin_showpiece_s/multiview-02-pixel_6pro/images/010.jpg 0 0 2720.000081062317 0.0 2040.0 0.0 2720.000081062317 1536.0 0.0 0.0 1.0 2720.000081062317 0.0 2040.0 0.0 2720.000081062317 1536.0 0.0 0.0 1.0 0.32060100641096617 0.8102215720087963 -0.49066873883842316 138.25554190203488 -0.8251976166905568 0.49322910963068145 0.275269043762679 -79.25764214972938 0.4650410337277678 0.31664714311860376 0.8267226529118545 -2.905458011966033 0.0 0.0 0.0 1.0
schleich_spinosaurus_action_figure/multiview-10-canon_t4i/images/037.jpg schleich_spinosaurus_action_figure/multiview-10-canon_t4i/images/040.jpg 0 0 6718.9355392456055 0.0 2592.0 0.0 6718.9355392456055 1728.0 0.0 0.0 1.0 6718.9355392456055 0.0 2592.0 0.0 6718.9355392456055 1728.0 0.0 0.0 1.0 0.17120740288366573 0.19993555661620788 -0.9647345156823481 651.885574341911 -0.4054527053529848 0.9067304874050883 0.11596049765883429 -77.18757073883279 0.8979398174751472 0.3713010606832785 0.2363039176294383 521.0200335803274 0.0 0.0 0.0 1.0
dino_4/multiview-11-ipad_5/images/008.jpg dino_4/multiview-11-ipad_5/images/025.jpg 0 0 3248.0001068115234 0.0 2016.0 0.0 3248.0001068115234 1512.0 0.0 0.0 1.0 3248.0001068115234 0.0 2016.0 0.0 3248.0001068115234 1512.0 0.0 0.0 1.0 0.6046413469622187 0.5994630995832912 -0.5244541718399809 208.43493699771435 -0.4668361871408273 0.8002167381215504 0.37645211109077664 -158.2678931958294 0.6453463518399534 0.01721532270661073 0.7636958349597206 80.4679959143119 0.0 0.0 0.0 1.0
chicken_racer/multiview-13-pixel_4xl/images/001.jpg chicken_racer/multiview-13-pixel_4xl/images/004.jpg 0 0 3024.0 0.0 2016.0 0.0 3024.0 1512.0 0.0 0.0 1.0 3024.0 0.0 2016.0 0.0 3024.0 1512.0 0.0 0.0 1.0 0.2268419546358261 -0.7356454560252008 0.6382540686171818 -106.98300552584669 0.18962135061671095 0.676156586425172 0.7119381073722275 -174.92302652068744 -0.9552938341625743 -0.0404707211614401 0.2928748534510994 138.59523937613082 0.0 0.0 0.0 1.0
circo_fish_toothbrush_holder_14995988/multiview-07-pixel_5/images/006.jpg circo_fish_toothbrush_holder_14995988/multiview-07-pixel_5/images/007.jpg 0 0 3024.0 0.0 2016.0 0.0 3024.0 1512.0 0.0 0.0 1.0 3024.0 0.0 2016.0 0.0 3024.0 1512.0 0.0 0.0 1.0 0.9139107280295776 0.15514436443930474 -0.3750962118915377 122.98565466521347 -0.24425951566108636 0.9482390650732435 -0.20292800956260448 119.07730537413572 0.3241976906935408 0.27707878688047943 0.9045015483703956 97.54668036035235 0.0 0.0 0.0 1.0
3d_dollhouse_sink/multiview-05-pixel_5/images/000.jpg 3d_dollhouse_sink/multiview-05-pixel_5/images/016.jpg 0 0 3024.0 0.0 2016.0 0.0 3024.0 1512.0 0.0 0.0 1.0 3024.0 0.0 2016.0 0.0 3024.0 1512.0 0.0 0.0 1.0 0.24223242260602634 0.38732096307194575 -0.8895541730502488 388.9580540176387 -0.8732694542243552 0.4865465939477066 -0.025950491289059126 32.187761030103516 0.42275794625557417 0.7831063503926625 0.4560924903456041 99.5001283365506 0.0 0.0 0.0 1.0
fire_engine_toy_red_yellow_s/multiview-00-pixel_4a/images/004.jpg fire_engine_toy_red_yellow_s/multiview-00-pixel_4a/images/006.jpg 0 0 3024.0 0.0 2016.0 0.0 3024.0 1512.0 0.0 0.0 1.0 3024.0 0.0 2016.0 0.0 3024.0 1512.0 0.0 0.0 1.0 0.3142725098629634 0.49224640691683264 -0.8117428247555359 226.06359557361878 -0.790380631603809 0.6093174476892953 0.06349210260465347 3.6394202628576635 0.5258627327246386 0.6216319447520678 0.5805538254479241 260.15620322206655 0.0 0.0 0.0 1.0
schleich_hereford_bull/multiview-06-ipad_5/images/002.jpg schleich_hereford_bull/multiview-06-ipad_5/images/004.jpg 0 0 3248.0001068115234 0.0 2016.0 0.0 3248.0001068115234 1512.0 0.0 0.0 1.0 3248.0001068115234 0.0 2016.0 0.0 3248.0001068115234 1512.0 0.0 0.0 1.0 0.6350168504007218 -0.2423688401121955 0.7334921018120164 -274.160082288551 0.32263957172700464 0.9459376311685821 0.0332439859941444 28.3437179985565 -0.7018951299445452 0.21554303962966112 0.678884488476437 215.44955400080082 0.0 0.0 0.0 1.0
water_gun_toy_white/multiview-00-pixel_4a/images/003.jpg water_gun_toy_white/multiview-00-pixel_4a/images/011.jpg 0 0 3024.0 0.0 2016.0 0.0 3024.0 1512.0 0.0 0.0 1.0 3024.0 0.0 2016.0 0.0 3024.0 1512.0 0.0 0.0 1.0 0.04147959313138834 0.5854222531027217 -0.8096666893627967 211.13890530862068 -0.8003268898400834 0.5045864661729043 0.3238355905843955 -90.70452643782953 0.5981274588069304 0.6345653714093547 0.48945926684569324 160.53078154907143 0.0 0.0 0.0 1.0
schleich_bald_eagle/multiview-00-pixel_5/images/001.jpg schleich_bald_eagle/multiview-00-pixel_5/images/007.jpg 0 0 3024.0 0.0 2016.0 0.0 3024.0 1512.0 0.0 0.0 1.0 3024.0 0.0 2016.0 0.0 3024.0 1512.0 0.0 0.0 1.0 0.7706321013434918 0.3100136670574138 -0.5567920263418065 140.66754426287 -0.4564198800988641 0.8782438100292806 -0.14271798125875262 46.646497570523806 0.44475478829321957 0.3641140036818954 0.8182995344736431 128.20838572327207 0.0 0.0 0.0 1.0
school_bus/multiview-10-pixel_5/images/003.jpg school_bus/multiview-10-pixel_5/images/008.jpg 0 0 3024.0 0.0 2016.0 0.0 3024.0 1512.0 0.0 0.0 1.0 3024.0 0.0 2016.0 0.0 3024.0 1512.0 0.0 0.0 1.0 0.37905941582988256 -0.40245664746604887 0.8332721826859812 -295.7826735059912 0.32747264023179873 0.9005433039443291 0.28597862351455866 -102.48365371452661 -0.8654918411114139 0.16447099814096447 0.47315278837052155 150.3589411958924 0.0 0.0 0.0 1.0
schleich_lion_action_figure/multiview-08-canon_t4i/images/015.jpg schleich_lion_action_figure/multiview-08-canon_t4i/images/017.jpg 0 0 7877.372978210449 0.0 2592.0 0.0 7877.372978210449 1728.0 0.0 0.0 1.0 7877.372978210449 0.0 2592.0 0.0 7877.372978210449 1728.0 0.0 0.0 1.0 0.9402687673999038 -0.03488138741352413 -0.33864122004992925 129.47291177610896 -0.02518477769597987 0.9848834861446722 -0.1713749547899116 53.262791402199625 0.3394997764883233 0.1696671226912239 0.9251768195229076 8.245353194305721 0.0 0.0 0.0 1.0
water_gun_toy_white/multiview-04-pixel_6pro/images/010.jpg water_gun_toy_white/multiview-04-pixel_6pro/images/014.jpg 0 0 2720.000081062317 0.0 2040.0 0.0 2720.000081062317 1536.0 0.0 0.0 1.0 2720.000081062317 0.0 2040.0 0.0 2720.000081062317 1536.0 0.0 0.0 1.0 0.2681315811416078 -0.7578105784034098 0.5948341784783517 -166.44034823597264 0.7245808050047364 0.565544769751764 0.3938794530115892 -122.25762657850183 -0.6348914502835021 0.32539413307201753 0.7007361612696704 58.314249358585954 0.0 0.0 0.0 1.0
hut_mushrooms_showpiece/multiview-01-pixel_4a/images/011.jpg hut_mushrooms_showpiece/multiview-01-pixel_4a/images/014.jpg 0 0 3024.0 0.0 2016.0 0.0 3024.0 1512.0 0.0 0.0 1.0 3024.0 0.0 2016.0 0.0 3024.0 1512.0 0.0 0.0 1.0 0.8684379900560495 0.17743863308625277 -0.4629587090463302 61.08575965811507 -0.1951534882230598 0.980723532125352 0.009805435287024763 2.7105070971603205 0.45577434062624567 0.08183254449560334 0.8863255993277696 7.5739141625110165 0.0 0.0 0.0 1.0
ice_cream_cart_showpiece/multiview-01-pixel_4a/images/004.jpg ice_cream_cart_showpiece/multiview-01-pixel_4a/images/007.jpg 0 0 3024.0 0.0 2016.0 0.0 3024.0 1512.0 0.0 0.0 1.0 3024.0 0.0 2016.0 0.0 3024.0 1512.0 0.0 0.0 1.0 0.731643126959484 0.37001568882487457 -0.5725272876162348 102.59731763807969 -0.5076510046592836 0.8562716878101584 -0.09534133921265368 33.13219397177925 0.4549605094951598 0.36039984351540244 0.8143237452246331 85.6278000328324 0.0 0.0 0.0 1.0
3d_dollhouse_sink/multiview-06-pixel_7/images/005.jpg 3d_dollhouse_sink/multiview-06-pixel_7/images/027.jpg 0 0 2720.000081062317 0.0 2040.0 0.0 2720.000081062317 1536.0 0.0 0.0 1.0 2720.000081062317 0.0 2040.0 0.0 2720.000081062317 1536.0 0.0 0.0 1.0 0.6983950407314441 -0.19917355572878354 0.6874404349590991 -145.8806358654676 0.3914790341779402 0.9103855907489087 -0.13394956654641796 27.534709705304024 -0.5991565314081202 0.36266822630449996 0.713781073975661 72.46558347176884 0.0 0.0 0.0 1.0
schleich_bald_eagle/multiview-07-pixel_5/images/000.jpg schleich_bald_eagle/multiview-07-pixel_5/images/026.jpg 0 0 3024.0 0.0 2016.0 0.0 3024.0 1512.0 0.0 0.0 1.0 3024.0 0.0 2016.0 0.0 3024.0 1512.0 0.0 0.0 1.0 0.2993087212690513 0.1276291560767778 -0.945581928695749 165.33076494223755 -0.6155478007630263 0.783040829696978 -0.08915144288907927 30.758110273473342 0.7290508540875791 0.6087346452264956 0.31293276378405205 179.2939069917311 0.0 0.0 0.0 1.0
3d_dollhouse_sink/multiview-04-canon_t4i/images/004.jpg 3d_dollhouse_sink/multiview-04-canon_t4i/images/018.jpg 0 0 5328.810859680176 0.0 2592.0 0.0 5328.810859680176 1728.0 0.0 0.0 1.0 5328.810859680176 0.0 2592.0 0.0 5328.810859680176 1728.0 0.0 0.0 1.0 0.20154364850080642 0.19644991322846297 -0.9595772106919317 398.46110228614486 -0.011710243252018353 0.9800941282991601 0.19819065931528929 -84.94149199719163 0.979409793730752 -0.028707121748010784 0.19983168268438614 407.42237403256206 0.0 0.0 0.0 1.0
steps_small_showpiece/multiview-00-pixel_4a/images/001.jpg steps_small_showpiece/multiview-00-pixel_4a/images/002.jpg 0 0 3024.0 0.0 2016.0 0.0 3024.0 1512.0 0.0 0.0 1.0 3024.0 0.0 2016.0 0.0 3024.0 1512.0 0.0 0.0 1.0 0.028208017930145154 -0.41013122378814815 0.9115899799024628 -105.0110559049103 0.28957396893985404 0.8762013996594175 0.3852493927659908 -46.06630481110301 -0.9567395648019414 0.253105699425327 0.14347883121333982 117.60430227684982 0.0 0.0 0.0 1.0
ice_cream_cart_showpiece/multiview-02-pixel_6pro/images/011.jpg ice_cream_cart_showpiece/multiview-02-pixel_6pro/images/014.jpg 0 0 2720.000081062317 0.0 2040.0 0.0 2720.000081062317 1536.0 0.0 0.0 1.0 2720.000081062317 0.0 2040.0 0.0 2720.000081062317 1536.0 0.0 0.0 1.0 0.7287412484700188 -0.34247291720407147 0.5929996753662616 -110.17498280323274 0.43723905421222614 0.8991654082787823 -0.018034571877020716 3.7276524153094637 -0.5270280853721128 0.27242503118660394 0.8050016076718176 23.862902091132355 0.0 0.0 0.0 1.0
can_kernel_corn/multiview-03-pixel_6pro/images/001.jpg can_kernel_corn/multiview-03-pixel_6pro/images/015.jpg 0 0 2720.000081062317 0.0 2040.0 0.0 2720.000081062317 1536.0 0.0 0.0 1.0 2720.000081062317 0.0 2040.0 0.0 2720.000081062317 1536.0 0.0 0.0 1.0 0.3999629416434872 0.34262482980696557 -0.8500812782423999 162.5721747650303 -0.42266510741862134 0.8919377321160952 0.16063094834796565 -24.760886004697255 0.8132553698280691 0.2950532330058681 0.5015578162866703 114.76414722065442 0.0 0.0 0.0 1.0
keywest_showpiece_s/multiview-00-pixel_6pro/images/005.jpg keywest_showpiece_s/multiview-00-pixel_6pro/images/019.jpg 0 0 2720.000081062317 0.0 2040.0 0.0 2720.000081062317 1536.0 0.0 0.0 1.0 2720.000081062317 0.0 2040.0 0.0 2720.000081062317 1536.0 0.0 0.0 1.0 0.9047198891161748 -0.20455412196102968 0.3736836536604966 -82.4385421675702 0.3281575156403259 0.8939840353182066 -0.3051313649011648 63.64335747970233 -0.2716512495767017 0.39868540260057705 0.8759311514506064 110.96141840905571 0.0 0.0 0.0 1.0
well_with_leaf_roof_showpiece/multiview-01-pixel_4a/images/004.jpg well_with_leaf_roof_showpiece/multiview-01-pixel_4a/images/010.jpg 0 0 3024.0 0.0 2016.0 0.0 3024.0 1512.0 0.0 0.0 1.0 3024.0 0.0 2016.0 0.0 3024.0 1512.0 0.0 0.0 1.0 0.3000413899625883 0.47718137809617256 -0.8259979301796243 128.8094105629469 -0.7446098131559401 0.6583935132719715 0.1098781969826918 -13.45917979575487 0.5962637761340898 0.582078074081478 0.5528598226995407 156.01424052760694 0.0 0.0 0.0 1.0
dino_5/multiview-13-canon_t4i/images/012.jpg dino_5/multiview-13-canon_t4i/images/031.jpg 0 0 6950.623397827148 0.0 2592.0 0.0 6950.623397827148 1728.0 0.0 0.0 1.0 6950.623397827148 0.0 2592.0 0.0 6950.623397827148 1728.0 0.0 0.0 1.0 0.9054000997517592 -0.3862874914199899 0.17616077750850387 -76.43263442363055 0.15727408869688222 0.690569390137505 0.7059592659347839 -328.6669919082612 -0.39435442646040625 -0.6114700960440178 0.6859946253548805 224.45583350904462 0.0 0.0 0.0 1.0
schleich_african_black_rhino/multiview-01-pixel_5/images/009.jpg schleich_african_black_rhino/multiview-01-pixel_5/images/010.jpg 0 0 3024.0 0.0 2016.0 0.0 3024.0 1512.0 0.0 0.0 1.0 3024.0 0.0 2016.0 0.0 3024.0 1512.0 0.0 0.0 1.0 0.5361190680194782 0.5530195713732601 -0.637766447883239 186.8946633442528 -0.5209545481476541 0.8112389684405495 0.2655162386523165 -65.68953192417995 0.6642167083798713 0.1898992476087204 0.723018222548995 73.90966398425905 0.0 0.0 0.0 1.0
schleich_lion_action_figure/multiview-03-pixel_5/images/000.jpg schleich_lion_action_figure/multiview-03-pixel_5/images/001.jpg 0 0 3024.0 0.0 2016.0 0.0 3024.0 1512.0 0.0 0.0 1.0 3024.0 0.0 2016.0 0.0 3024.0 1512.0 0.0 0.0 1.0 0.2572922603325791 -0.24254356087012974 0.9354001918014226 -182.42084927437756 0.3225286728839764 0.9340350366208015 0.15347455335627594 -25.212986162598767 -0.910920714928762 0.26220564273785085 0.31854685678822986 163.02074597727045 0.0 0.0 0.0 1.0
keywest_showpiece_s/multiview-00-pixel_6pro/images/000.jpg keywest_showpiece_s/multiview-00-pixel_6pro/images/003.jpg 0 0 2720.000081062317 0.0 2040.0 0.0 2720.000081062317 1536.0 0.0 0.0 1.0 2720.000081062317 0.0 2040.0 0.0 2720.000081062317 1536.0 0.0 0.0 1.0 0.19383328136287467 0.8772065643077112 -0.43924656790534816 101.03803988627999 -0.48021319934926643 0.475269098285381 0.7372347699743178 -178.89686327719082 0.8554673715251844 0.06803156872511994 0.5133689472433276 100.02137749250265 0.0 0.0 0.0 1.0
schleich_african_black_rhino/multiview-09-ipad_5/images/007.jpg schleich_african_black_rhino/multiview-09-ipad_5/images/012.jpg 0 0 3248.0001068115234 0.0 2016.0 0.0 3248.0001068115234 1512.0 0.0 0.0 1.0 3248.0001068115234 0.0 2016.0 0.0 3248.0001068115234 1512.0 0.0 0.0 1.0 0.893721764750631 -0.21080193901515912 0.39601101823716006 -198.8033353381298 0.35441880754487864 0.872953907638019 -0.33517062721864427 166.09924181836323 -0.27504468014465006 0.4399032133701784 0.8548894493524203 24.06974970248291 0.0 0.0 0.0 1.0
dino_4/multiview-09-ipad_5/images/006.jpg dino_4/multiview-09-ipad_5/images/034.jpg 0 0 3248.0001068115234 0.0 2016.0 0.0 3248.0001068115234 1512.0 0.0 0.0 1.0 3248.0001068115234 0.0 2016.0 0.0 3248.0001068115234 1512.0 0.0 0.0 1.0 0.43160447622530734 0.10538343010392479 -0.8958872579430143 453.30412809252357 -0.6345010603729851 0.7414054150080762 -0.21846704222288835 77.81873354354143 0.6411913002658682 0.6627326107126179 0.38685943173927645 25.201845725432094 0.0 0.0 0.0 1.0
water_gun_toy_white/multiview-00-pixel_4a/images/003.jpg water_gun_toy_white/multiview-00-pixel_4a/images/009.jpg 0 0 3024.0 0.0 2016.0 0.0 3024.0 1512.0 0.0 0.0 1.0 3024.0 0.0 2016.0 0.0 3024.0 1512.0 0.0 0.0 1.0 0.5318705662126774 -0.48225789772277616 0.6960898528679688 -185.49326249173993 0.6598562750156646 0.751215877653653 0.016264797432763566 -1.8271022905861134 -0.5307575804847812 0.4506684730995685 0.7177705265289134 132.44735647761672 0.0 0.0 0.0 1.0
3d_dollhouse_sink/multiview-08-canon_t4i/images/001.jpg 3d_dollhouse_sink/multiview-08-canon_t4i/images/002.jpg 0 0 6718.9355392456055 0.0 2592.0 0.0 6718.9355392456055 1728.0 0.0 0.0 1.0 6718.9355392456055 0.0 2592.0 0.0 6718.9355392456055 1728.0 0.0 0.0 1.0 0.9381037464456617 0.1030746939238107 -0.330661445107895 199.54784250375926 -0.18447298082792038 0.9567053064621954 -0.22513272363707923 145.6415887895489 0.29314009518489753 0.27219594281095516 0.9165033111064642 28.25968313457588 0.0 0.0 0.0 1.0
ice_cream_cart_showpiece/multiview-01-pixel_4a/images/003.jpg ice_cream_cart_showpiece/multiview-01-pixel_4a/images/010.jpg 0 0 3024.0 0.0 2016.0 0.0 3024.0 1512.0 0.0 0.0 1.0 3024.0 0.0 2016.0 0.0 3024.0 1512.0 0.0 0.0 1.0 0.7299154015244884 -0.5521108663655532 0.4029835715527781 -95.67886330474252 0.5382652272666372 0.827645230243424 0.15897411244682913 -29.44603277132347 -0.4212996752266528 0.10087418065741285 0.901293858421635 16.728027100561945 0.0 0.0 0.0 1.0
dino_4/multiview-11-pixel_5/images/011.jpg dino_4/multiview-11-pixel_5/images/020.jpg 0 0 3024.0 0.0 2016.0 0.0 3024.0 1512.0 0.0 0.0 1.0 3024.0 0.0 2016.0 0.0 3024.0 1512.0 0.0 0.0 1.0 0.3226708445914256 0.5853997541949891 -0.7437672924009741 183.74151933958893 -0.612367349339459 0.7282953640987714 0.30755682189221856 -53.479863116615476 0.7217265796971745 0.3562190405872105 0.5934799572655679 140.73290500421217 0.0 0.0 0.0 1.0
steps_small_showpiece/multiview-00-pixel_4a/images/008.jpg steps_small_showpiece/multiview-00-pixel_4a/images/011.jpg 0 0 3024.0 0.0 2016.0 0.0 3024.0 1512.0 0.0 0.0 1.0 3024.0 0.0 2016.0 0.0 3024.0 1512.0 0.0 0.0 1.0 0.7639517584630856 0.26527716967657833 -0.588221710447727 104.63087138177532 -0.6206051808175681 0.551698890296403 -0.5572043177438253 95.82416862160926 0.17670777588824654 0.7907307264482382 0.5861045015088454 50.632243755011984 0.0 0.0 0.0 1.0
duck_bath_yellow_s/multiview-02-pixel_6pro/images/004.jpg duck_bath_yellow_s/multiview-02-pixel_6pro/images/005.jpg 0 0 2720.000081062317 0.0 2040.0 0.0 2720.000081062317 1536.0 0.0 0.0 1.0 2720.000081062317 0.0 2040.0 0.0 2720.000081062317 1536.0 0.0 0.0 1.0 0.8387573448584952 0.36556223289905054 -0.403548960442213 92.56755248624661 -0.3038652308220842 0.9292386252248138 0.2101978882065119 -44.43136049527865 0.4518324316923733 -0.05368032440378293 0.8904866096571233 9.86852957509106 0.0 0.0 0.0 1.0
circo_fish_toothbrush_holder_14995988/multiview-12-pixel_5/images/007.jpg circo_fish_toothbrush_holder_14995988/multiview-12-pixel_5/images/008.jpg 0 0 3024.0 0.0 2016.0 0.0 3024.0 1512.0 0.0 0.0 1.0 3024.0 0.0 2016.0 0.0 3024.0 1512.0 0.0 0.0 1.0 0.3426694697097097 -0.4865314027497248 0.8036570933837622 -174.83660610636164 0.11257844347325788 0.8705509395228601 0.479026789037226 -109.34919767845935 -0.9326860342329686 -0.07367344369598128 0.3530843238148157 190.57354458123763 0.0 0.0 0.0 1.0
school_bus/multiview-01-pixel_5/images/000.jpg school_bus/multiview-01-pixel_5/images/004.jpg 0 0 3024.0 0.0 2016.0 0.0 3024.0 1512.0 0.0 0.0 1.0 3024.0 0.0 2016.0 0.0 3024.0 1512.0 0.0 0.0 1.0 0.8066666876522715 -0.3063739237114713 0.5053946151486911 -133.7146152095119 0.36684104329246214 0.9300297426233933 -0.02172874410062084 -9.193620708853064 -0.4633749202482303 0.20292734353482347 0.8626147145384516 45.06756573246335 0.0 0.0 0.0 1.0
schleich_spinosaurus_action_figure/multiview-07-pixel_5/images/016.jpg schleich_spinosaurus_action_figure/multiview-07-pixel_5/images/024.jpg 0 0 3024.0 0.0 2016.0 0.0 3024.0 1512.0 0.0 0.0 1.0 3024.0 0.0 2016.0 0.0 3024.0 1512.0 0.0 0.0 1.0 0.9240912614958224 0.07957425829658236 -0.37379580078982116 132.43129319498348 -0.04944503456090769 0.9947561729809685 0.0895282136377251 -59.15776273760551 0.3789598034418059 -0.06424988516619552 0.9231800221156901 84.79642751385796 0.0 0.0 0.0 1.0
welcome_sign_mushrooms/multiview-03-pixel_6pro/images/007.jpg welcome_sign_mushrooms/multiview-03-pixel_6pro/images/010.jpg 0 0 2720.000081062317 0.0 2040.0 0.0 2720.000081062317 1536.0 0.0 0.0 1.0 2720.000081062317 0.0 2040.0 0.0 2720.000081062317 1536.0 0.0 0.0 1.0 0.4805541264405234 -0.36242962191487516 0.7985706768929322 -104.72269864815874 0.7646453878804093 0.6190395564745745 -0.1791898813218805 12.878347801190824 -0.42940141867121545 0.696733560527114 0.5746118135383388 137.83603101959898 0.0 0.0 0.0 1.0
schleich_bald_eagle/multiview-00-pixel_5/images/000.jpg schleich_bald_eagle/multiview-00-pixel_5/images/002.jpg 0 0 3024.0 0.0 2016.0 0.0 3024.0 1512.0 0.0 0.0 1.0 3024.0 0.0 2016.0 0.0 3024.0 1512.0 0.0 0.0 1.0 0.12217807915615062 0.4677059397335679 -0.8753988625352579 231.64324127938409 -0.6139092616000081 0.7286498554748908 0.30361903757686454 -53.11557569797274 0.7798640517143731 0.5003198842247999 0.37615394719889655 213.89218391044676 0.0 0.0 0.0 1.0
steps_small_showpiece/multiview-02-pixel_6pro/images/004.jpg steps_small_showpiece/multiview-02-pixel_6pro/images/009.jpg 0 0 2720.000081062317 0.0 2040.0 0.0 2720.000081062317 1536.0 0.0 0.0 1.0 2720.000081062317 0.0 2040.0 0.0 2720.000081062317 1536.0 0.0 0.0 1.0 0.10076497512180405 -0.6852688850555381 0.721285508346239 -146.62189179325162 0.7067472895858679 0.5595656998217282 0.4328903461142044 -71.3435097926864 -0.7002530512229245 0.46614630147629815 0.5406967822148674 107.86064504650257 0.0 0.0 0.0 1.0
circo_fish_toothbrush_holder_14995988/multiview-15-canon_t4i/images/000.jpg circo_fish_toothbrush_holder_14995988/multiview-15-canon_t4i/images/111.jpg 0 0 5328.810859680176 0.0 2592.0 0.0 5328.810859680176 1728.0 0.0 0.0 1.0 5328.810859680176 0.0 2592.0 0.0 5328.810859680176 1728.0 0.0 0.0 1.0 0.42763221635130827 -0.08924069506632709 0.8995364611310438 -277.47984430398236 0.3917574955648873 0.9151032002131143 -0.09545330355292654 20.946710128185664 -0.8146511291135552 0.39321908146048157 0.4262887581976466 190.53171138468443 0.0 0.0 0.0 1.0
dino_5/multiview-10-ipad_5/images/006.jpg dino_5/multiview-10-ipad_5/images/010.jpg 0 0 3248.0001068115234 0.0 2016.0 0.0 3248.0001068115234 1512.0 0.0 0.0 1.0 3248.0001068115234 0.0 2016.0 0.0 3248.0001068115234 1512.0 0.0 0.0 1.0 0.9374589420461202 0.24599809384107846 -0.24628452392100877 99.98489218536034 -0.16731202430897393 0.9388609333046024 0.3009112518917432 -150.2517492132634 0.3052500337544421 -0.240885519933813 0.9213017718548286 -25.446866188559966 0.0 0.0 0.0 1.0
weisshai_great_white_shark/multiview-07-sony_a7iv/images/013.jpg weisshai_great_white_shark/multiview-07-sony_a7iv/images/015.jpg 0 0 11351.99974822998 0.0 4752.0 0.0 11351.99974822998 3168.0 0.0 0.0 1.0 11087.99962234497 0.0 4752.0 0.0 11087.99962234497 3168.0 0.0 0.0 1.0 0.988160651195071 0.028347525709613356 0.15078046450542004 -25.424494845591084 -0.14665774257187988 0.46312893460096005 0.8740726861170436 -400.86969326143696 -0.045053021562109906 -0.8858371658768736 0.4618035265917287 105.35785145211693 0.0 0.0 0.0 1.0
schleich_bald_eagle/multiview-01-pixel_5/images/000.jpg schleich_bald_eagle/multiview-01-pixel_5/images/004.jpg 0 0 3024.0 0.0 2016.0 0.0 3024.0 1512.0 0.0 0.0 1.0 3024.0 0.0 2016.0 0.0 3024.0 1512.0 0.0 0.0 1.0 0.36729892206244114 -0.7525340163260633 0.5466105918848181 -171.21287688535816 0.4112522461005463 0.6585187270745819 0.6302573938692185 -219.7920285006803 -0.8342434647183467 -0.006697831284259066 0.5513549684687227 440.07811941248264 0.0 0.0 0.0 1.0
chicken_racer/multiview-08-ipad_4/images/000.jpg chicken_racer/multiview-08-ipad_4/images/008.jpg 0 0 3248.0001068115234 0.0 2016.0 0.0 3248.0001068115234 1512.0 0.0 0.0 1.0 3248.0001068115234 0.0 2016.0 0.0 3248.0001068115234 1512.0 0.0 0.0 1.0 0.15889395742718052 -0.824322757299802 0.5433641609025608 -233.186904914669 0.4791982670691697 0.5455737515988084 0.6875448438164776 -207.91532106970075 -0.8632041042990811 0.1511323588570794 0.4817025097645434 323.0194014141656 0.0 0.0 0.0 1.0
bottle_vitamin_d_tablets/multiview-01-pixel_4a/images/000.jpg bottle_vitamin_d_tablets/multiview-01-pixel_4a/images/002.jpg 0 0 3024.0 0.0 2016.0 0.0 3024.0 1512.0 0.0 0.0 1.0 3024.0 0.0 2016.0 0.0 3024.0 1512.0 0.0 0.0 1.0 0.21229554703112527 -0.9595633458976526 0.1848483031644347 -38.21712872504014 0.6059446165349748 0.27766682908351126 0.7454745116414541 -296.8950975341092 -0.7666562389253743 -0.04625273064865639 0.6403895697205555 70.4169923652072 0.0 0.0 0.0 1.0
school_bus/multiview-12-ipad_5/images/006.jpg school_bus/multiview-12-ipad_5/images/025.jpg 0 0 3248.0001068115234 0.0 2016.0 0.0 3248.0001068115234 1512.0 0.0 0.0 1.0 3248.0001068115234 0.0 2016.0 0.0 3248.0001068115234 1512.0 0.0 0.0 1.0 0.09072101854605219 -0.42539065297339185 0.9004512740499886 -121.46037075148237 0.6066025601868745 0.7406936304990356 0.2888022810234917 -14.2377431184104 -0.7898123467897414 0.5200156083453255 0.32523955581441916 269.3187015063163 0.0 0.0 0.0 1.0
3d_dollhouse_sink/multiview-04-pixel_4xl/images/003.jpg 3d_dollhouse_sink/multiview-04-pixel_4xl/images/006.jpg 0 0 3024.0 0.0 2016.0 0.0 3024.0 1512.0 0.0 0.0 1.0 3024.0 0.0 2016.0 0.0 3024.0 1512.0 0.0 0.0 1.0 0.11182469483328676 0.5081873386913898 -0.8539560435191909 265.8978763133233 -0.29566461280521183 0.8374428076989323 0.4596433768505701 -205.61965033792495 0.9487242447722541 0.20108514587791357 0.24389971597382437 264.11056702469546 0.0 0.0 0.0 1.0
circo_fish_toothbrush_holder_14995988/multiview-14-pixel_5/images/003.jpg circo_fish_toothbrush_holder_14995988/multiview-14-pixel_5/images/019.jpg 0 0 3024.0 0.0 2016.0 0.0 3024.0 1512.0 0.0 0.0 1.0 3024.0 0.0 2016.0 0.0 3024.0 1512.0 0.0 0.0 1.0 0.6939034389268878 0.5914679490924789 -0.41068670344348573 181.88454494825083 -0.24860232685351286 0.7320578504034069 0.6342616931014148 -295.9346756171599 0.6757920662284985 -0.3380186756049945 0.6550177313950053 22.754305882012375 0.0 0.0 0.0 1.0
bunny_racer/multiview-09-pixel_5/images/015.jpg bunny_racer/multiview-09-pixel_5/images/017.jpg 0 0 3024.0 0.0 2016.0 0.0 3024.0 1512.0 0.0 0.0 1.0 3024.0 0.0 2016.0 0.0 3024.0 1512.0 0.0 0.0 1.0 0.9804325561499978 -0.14700932679652276 0.13091988522997586 -44.35744115972942 0.1781132030601041 0.9456837141236424 -0.2719511548955266 40.526868074139415 -0.08382922088459291 0.28994823791175395 0.9533636395099815 62.5955566727134 0.0 0.0 0.0 1.0
dino_4/multiview-09-pixel_5/images/034.jpg dino_4/multiview-09-pixel_5/images/050.jpg 0 0 3024.0 0.0 2016.0 0.0 3024.0 1512.0 0.0 0.0 1.0 3024.0 0.0 2016.0 0.0 3024.0 1512.0 0.0 0.0 1.0 0.9870773332689157 0.11039604711353372 0.11614235080775047 -31.684343034223563 -0.15594068975368205 0.4950805359242819 0.8547374680099435 -130.25062910688052 0.036860411271564246 -0.8618037768572732 0.5058994252908798 130.67586572130384 0.0 0.0 0.0 1.0
chicken_racer/multiview-10-ipad_5/images/005.jpg chicken_racer/multiview-10-ipad_5/images/010.jpg 0 0 3248.0001068115234 0.0 2016.0 0.0 3248.0001068115234 1512.0 0.0 0.0 1.0 3248.0001068115234 0.0 2016.0 0.0 3248.0001068115234 1512.0 0.0 0.0 1.0 0.8140297575472842 0.06288201039813707 -0.5774092778978672 168.55797852359046 -0.19816999471067687 0.9645387295109815 -0.1743376559071801 -0.22168672994908434 0.5459708017022398 0.2563412036817597 0.797624542766522 126.93351685878076 0.0 0.0 0.0 1.0
bunny_racer/multiview-03-pixel_5/images/006.jpg bunny_racer/multiview-03-pixel_5/images/010.jpg 0 0 3024.0 0.0 2016.0 0.0 3024.0 1512.0 0.0 0.0 1.0 3024.0 0.0 2016.0 0.0 3024.0 1512.0 0.0 0.0 1.0 0.4282490782696796 -0.26120940804568316 0.8650850749412056 -174.86340053838543 0.5703349904398781 0.8206857398803316 -0.034533872303638996 14.11063840915606 -0.7009424492016378 0.5081772989887277 0.5004350376152736 171.1829034557171 0.0 0.0 0.0 1.0
schleich_african_black_rhino/multiview-07-ipad_5/images/003.jpg schleich_african_black_rhino/multiview-07-ipad_5/images/012.jpg 0 0 3248.0001068115234 0.0 2016.0 0.0 3248.0001068115234 1512.0 0.0 0.0 1.0 3248.0001068115234 0.0 2016.0 0.0 3248.0001068115234 1512.0 0.0 0.0 1.0 0.96212879675894 -0.21940714301420478 0.1617671749087763 -95.40037042069146 0.22868207321720802 0.9726413565045904 -0.04090473709787891 36.400149577982894 -0.1483666950387356 0.07634885712097185 0.9859807458390043 -36.21540961719461 0.0 0.0 0.0 1.0
schleich_spinosaurus_action_figure/multiview-11-pixel_7/images/024.jpg schleich_spinosaurus_action_figure/multiview-11-pixel_7/images/038.jpg 0 0 2720.000081062317 0.0 2040.0 0.0 2720.000081062317 1536.0 0.0 0.0 1.0 2720.000081062317 0.0 2040.0 0.0 2720.000081062317 1536.0 0.0 0.0 1.0 0.256775863634688 -0.5370609917546895 0.8035115253723156 -241.0391745403814 0.694986108084705 0.6803455221140233 0.23264355731273492 -59.723376489151505 -0.6716099724601293 0.4986923274627105 0.547945959346228 74.07071592787301 0.0 0.0 0.0 1.0
schleich_bald_eagle/multiview-07-pixel_5/images/002.jpg schleich_bald_eagle/multiview-07-pixel_5/images/003.jpg 0 0 3024.0 0.0 2016.0 0.0 3024.0 1512.0 0.0 0.0 1.0 3024.0 0.0 2016.0 0.0 3024.0 1512.0 0.0 0.0 1.0 0.7774384543482977 -0.07670682960769429 0.6242637604989772 -120.07787253407848 0.38967969011241144 0.8378309508603238 -0.3823461016898853 113.57274511453846 -0.49369888785308325 0.5405134232349105 0.681253400989806 59.76300404685628 0.0 0.0 0.0 1.0
school_bus/multiview-02-pixel_5/images/001.jpg school_bus/multiview-02-pixel_5/images/005.jpg 0 0 3024.0 0.0 2016.0 0.0 3024.0 1512.0 0.0 0.0 1.0 3024.0 0.0 2016.0 0.0 3024.0 1512.0 0.0 0.0 1.0 0.9731649284282214 -0.004387600686419634 0.2300678116661883 -69.04293718707801 0.006549027883105276 0.9999415554374169 -0.008631811914100049 10.586772859091951 -0.2300165927297473 0.009906971504788871 0.9731363385945598 36.560300865389536 0.0 0.0 0.0 1.0
school_bus/multiview-12-pixel_5/images/009.jpg school_bus/multiview-12-pixel_5/images/026.jpg 0 0 3024.0 0.0 2016.0 0.0 3024.0 1512.0 0.0 0.0 1.0 3024.0 0.0 2016.0 0.0 3024.0 1512.0 0.0 0.0 1.0 0.8463138890700409 0.32138860452275214 -0.42480886281185865 76.07451229876393 -0.46098932194196185 0.8414837770656525 -0.2817703333807219 60.02122600599799 0.26691156584786785 0.4342983993765147 0.8603159335826805 14.122425243569722 0.0 0.0 0.0 1.0
garbage_truck_green_toy_s/multiview-03-pixel_6pro/images/009.jpg garbage_truck_green_toy_s/multiview-03-pixel_6pro/images/010.jpg 0 0 2720.000081062317 0.0 2040.0 0.0 2720.000081062317 1536.0 0.0 0.0 1.0 2720.000081062317 0.0 2040.0 0.0 2720.000081062317 1536.0 0.0 0.0 1.0 0.8916968234430365 0.3161985216851615 -0.3238754295196694 101.05679596808382 -0.22754729537869078 0.9316979754364579 0.2831281027606727 -96.48682241072422 0.3912787345697052 -0.17876745416093695 0.9027422538323148 -13.579468411548191 0.0 0.0 0.0 1.0
bunny_racer/multiview-09-pixel_5/images/019.jpg bunny_racer/multiview-09-pixel_5/images/023.jpg 0 0 3024.0 0.0 2016.0 0.0 3024.0 1512.0 0.0 0.0 1.0 3024.0 0.0 2016.0 0.0 3024.0 1512.0 0.0 0.0 1.0 0.9708130296385361 -0.13651545622609007 0.19719338910154136 -57.282867013544575 0.1841376230151829 0.9510674337168836 -0.24812018991395987 84.04387835758891 -0.15367225177449897 0.277188982276472 0.9484465315158815 57.748217350574066 0.0 0.0 0.0 1.0
duck_bath_yellow_s/multiview-03-pixel_6pro/images/001.jpg duck_bath_yellow_s/multiview-03-pixel_6pro/images/002.jpg 0 0 2720.000081062317 0.0 2040.0 0.0 2720.000081062317 1536.0 0.0 0.0 1.0 2720.000081062317 0.0 2040.0 0.0 2720.000081062317 1536.0 0.0 0.0 1.0 0.25506287132732075 0.5810174417204005 -0.7728920010584708 164.04638312187723 -0.8780873059691106 0.4738646979390422 0.06644685404023076 -15.718254877863945 0.40485278390484725 0.6617184970401093 0.6310491898734789 71.3658831943807 0.0 0.0 0.0 1.0
can_kernel_corn/multiview-00-pixel_4a/images/009.jpg can_kernel_corn/multiview-00-pixel_4a/images/016.jpg 0 0 3024.0 0.0 2016.0 0.0 3024.0 1512.0 0.0 0.0 1.0 3024.0 0.0 2016.0 0.0 3024.0 1512.0 0.0 0.0 1.0 0.7719172497916478 0.5001546262914399 -0.3924117356871676 104.38407624927882 -0.34513143971766114 0.84808754420458 0.40203197523841216 -115.58165023775614 0.5338790632317894 -0.17490244448960096 0.8272738858050604 53.28555739503565 0.0 0.0 0.0 1.0
weisshai_great_white_shark/multiview-03-pixel_5/images/006.jpg weisshai_great_white_shark/multiview-03-pixel_5/images/010.jpg 0 0 3024.0 0.0 2016.0 0.0 3024.0 1512.0 0.0 0.0 1.0 3024.0 0.0 2016.0 0.0 3024.0 1512.0 0.0 0.0 1.0 0.3031536669150078 -0.05350419839953557 0.9514389269860809 -296.5901047036032 0.1604393531390613 0.9870364449005041 0.004385840059598564 -15.525753364432019 -0.9393388066370643 0.15131868262076575 0.30780740144272994 199.53885574073985 0.0 0.0 0.0 1.0
schleich_spinosaurus_action_figure/multiview-10-ipad_5/images/035.jpg schleich_spinosaurus_action_figure/multiview-10-ipad_5/images/050.jpg 0 0 3248.0001068115234 0.0 2016.0 0.0 3248.0001068115234 1512.0 0.0 0.0 1.0 3248.0001068115234 0.0 2016.0 0.0 3248.0001068115234 1512.0 0.0 0.0 1.0 0.14211871499256912 0.04834378177918419 0.9886683459789276 -465.2384132375643 -0.0775251365799611 0.9962820687231749 -0.037572017581787756 4.848373992464097 -0.9868089594543215 -0.07130695720836742 0.14533825880629336 497.805501929309 0.0 0.0 0.0 1.0
3d_dollhouse_sink/multiview-04-pixel_4xl/images/018.jpg 3d_dollhouse_sink/multiview-04-pixel_4xl/images/021.jpg 0 0 3024.0 0.0 2016.0 0.0 3024.0 1512.0 0.0 0.0 1.0 3024.0 0.0 2016.0 0.0 3024.0 1512.0 0.0 0.0 1.0 0.7553890131075971 0.45546381572681155 -0.471105498056624 198.03307535298154 -0.07167691667293458 0.7720593497427094 0.6314958691598058 -253.79357780604496 0.6513448088212365 -0.4432574733397025 0.6158512294947065 147.63858593143377 0.0 0.0 0.0 1.0
keywest_showpiece_s/multiview-04-pixel_6pro/images/010.jpg keywest_showpiece_s/multiview-04-pixel_6pro/images/013.jpg 0 0 2720.000081062317 0.0 2040.0 0.0 2720.000081062317 1536.0 0.0 0.0 1.0 2720.000081062317 0.0 2040.0 0.0 2720.000081062317 1536.0 0.0 0.0 1.0 0.8624931975308955 0.4531597418425566 -0.22528151077612094 64.15091830129353 -0.3507060913378605 0.8561511268719568 0.3794876088376436 -113.43970632812324 0.36484357901851544 -0.2482978611519951 0.8973503769015059 20.219372497395085 0.0 0.0 0.0 1.0
schleich_hereford_bull/multiview-03-pixel_5/images/004.jpg schleich_hereford_bull/multiview-03-pixel_5/images/008.jpg 0 0 3024.0 0.0 2016.0 0.0 3024.0 1512.0 0.0 0.0 1.0 3024.0 0.0 2016.0 0.0 3024.0 1512.0 0.0 0.0 1.0 0.8513476885215644 -0.10858458917611652 0.5132412607672945 -132.28553727053276 0.21047504813350432 0.9668500316639702 -0.14457587370635516 37.71866245495068 -0.4805287682126693 0.23110885969698405 0.8459797045722963 87.44158483787962 0.0 0.0 0.0 1.0
schleich_african_black_rhino/multiview-03-pixel_5/images/000.jpg schleich_african_black_rhino/multiview-03-pixel_5/images/001.jpg 0 0 3024.0 0.0 2016.0 0.0 3024.0 1512.0 0.0 0.0 1.0 3024.0 0.0 2016.0 0.0 3024.0 1512.0 0.0 0.0 1.0 0.6775006126363307 -0.16590422872254473 0.7165676089330677 -116.38169818779218 0.2506391767887688 0.9679953882498133 -0.012858047150437923 -2.2062873419547557 -0.6915006711287742 0.18831124713625996 0.6973992285130222 53.27741250407851 0.0 0.0 0.0 1.0
hut_mushrooms_showpiece/multiview-01-pixel_4a/images/009.jpg hut_mushrooms_showpiece/multiview-01-pixel_4a/images/014.jpg 0 0 3024.0 0.0 2016.0 0.0 3024.0 1512.0 0.0 0.0 1.0 3024.0 0.0 2016.0 0.0 3024.0 1512.0 0.0 0.0 1.0 0.8725474129951222 0.3620487881584671 -0.32799676190986327 66.79960670122563 -0.18035223066234365 0.8626928142609245 0.47247706597256567 -131.29238923177084 0.45402031190767583 -0.3531036286624187 0.8180364260588149 -33.08937517751161 0.0 0.0 0.0 1.0
weisshai_great_white_shark/multiview-07-sony_a7iv/images/029.jpg weisshai_great_white_shark/multiview-07-sony_a7iv/images/050.jpg 0 0 11351.99974822998 0.0 4752.0 0.0 11351.99974822998 3168.0 0.0 0.0 1.0 11351.99974822998 0.0 4752.0 0.0 11351.99974822998 3168.0 0.0 0.0 1.0 0.8592546189130936 -0.08247676162115136 0.5048555447291027 -198.24788750830288 -0.26152652611715016 0.7773644152749857 0.5721089736305343 -202.47048021458903 -0.43964249811940387 -0.6236203602601937 0.6463840342961128 85.49058347511126 0.0 0.0 0.0 1.0
chicken_racer/multiview-10-pixel_4xl/images/005.jpg chicken_racer/multiview-10-pixel_4xl/images/006.jpg 0 0 3024.0 0.0 2016.0 0.0 3024.0 1512.0 0.0 0.0 1.0 3024.0 0.0 2016.0 0.0 3024.0 1512.0 0.0 0.0 1.0 0.992479064999554 0.023262226370471577 0.12018202685716911 -27.365862973863717 -0.05739663134126477 0.9555991152132629 0.28902510510659796 -103.19003067031 -0.1081226155735719 -0.2937496542072493 0.9497476393888762 -14.05997319685656 0.0 0.0 0.0 1.0
fire_engine_toy_red_yellow_s/multiview-00-pixel_4a/images/001.jpg fire_engine_toy_red_yellow_s/multiview-00-pixel_4a/images/006.jpg 0 0 3024.0 0.0 2016.0 0.0 3024.0 1512.0 0.0 0.0 1.0 3024.0 0.0 2016.0 0.0 3024.0 1512.0 0.0 0.0 1.0 0.23056375593344777 0.9583508331637365 -0.1685345799895448 47.54623859276235 -0.8012357143244914 0.2852613784422216 0.5259729859631084 -153.15936562167303 0.5521430440926218 0.013765567528041705 0.8336358480252989 122.08185305681366 0.0 0.0 0.0 1.0
3d_dollhouse_sink/multiview-00-pixel_5/images/002.jpg 3d_dollhouse_sink/multiview-00-pixel_5/images/004.jpg 0 0 3024.0 0.0 1512.0 0.0 3024.0 2016.0 0.0 0.0 1.0 3024.0 0.0 1512.0 0.0 3024.0 2016.0 0.0 0.0 1.0 0.995619892462336 -0.0892489130246449 -0.027860923124682323 -1.0013968825213988 0.08841185643884589 0.8017710600039661 0.5910559038626133 -128.63666769570614 -0.030412871039181187 -0.5909300803322696 0.8061493493170252 51.68375080676191 0.0 0.0 0.0 1.0
dino_5/multiview-10-pixel_5/images/020.jpg dino_5/multiview-10-pixel_5/images/024.jpg 0 0 3024.0 0.0 2016.0 0.0 3024.0 1512.0 0.0 0.0 1.0 3024.0 0.0 2016.0 0.0 3024.0 1512.0 0.0 0.0 1.0 0.03823814535502405 -0.5900813455744263 0.806437205847207 -227.07844008739391 0.8243883939539675 0.47471546402106923 0.3082667975960588 -101.99390569279225 -0.5647314081914369 0.6530303569499539 0.5046085384604168 139.90411221112078 0.0 0.0 0.0 1.0
schleich_spinosaurus_action_figure/multiview-09-canon_t4i/images/011.jpg schleich_spinosaurus_action_figure/multiview-09-canon_t4i/images/026.jpg 0 0 6718.9355392456055 0.0 2592.0 0.0 6718.9355392456055 1728.0 0.0 0.0 1.0 6718.9355392456055 0.0 2592.0 0.0 6718.9355392456055 1728.0 0.0 0.0 1.0 0.8256060920867638 -0.21915556849992013 0.5199471466687424 -269.3092390758493 0.08867742762567399 0.9604344792292913 0.2640107889947152 -139.57011287973106 -0.557234646711945 -0.17186126132695476 0.8123747091795845 132.53737118874454 0.0 0.0 0.0 1.0
schleich_lion_action_figure/multiview-00-pixel_5/images/000.jpg schleich_lion_action_figure/multiview-00-pixel_5/images/003.jpg 0 0 3024.0 0.0 2016.0 0.0 3024.0 1512.0 0.0 0.0 1.0 3024.0 0.0 2016.0 0.0 3024.0 1512.0 0.0 0.0 1.0 0.048212228704931887 -0.43762141023752765 0.8978659342519085 -142.92684060049012 0.7110531928804222 0.6463429780491196 0.2768477003387417 -93.3926169195042 -0.7014837108562828 0.6250830396642937 0.34233355147196315 201.64759748819097 0.0 0.0 0.0 1.0
fire_engine_toy_red_yellow_s/multiview-00-pixel_4a/images/011.jpg fire_engine_toy_red_yellow_s/multiview-00-pixel_4a/images/017.jpg 0 0 3024.0 0.0 2016.0 0.0 3024.0 1512.0 0.0 0.0 1.0 3024.0 0.0 2016.0 0.0 3024.0 1512.0 0.0 0.0 1.0 0.04377413037619748 -0.527552681050339 0.8483934640042462 -212.8098168574914 0.5913633501867179 0.69813422051237 0.4036052927001187 -137.59831009890365 -0.8052160244539478 0.4840413197301739 0.34253587098043103 255.0371468741126 0.0 0.0 0.0 1.0
chicken_racer/multiview-10-pixel_4xl/images/006.jpg chicken_racer/multiview-10-pixel_4xl/images/020.jpg 0 0 3024.0 0.0 2016.0 0.0 3024.0 1512.0 0.0 0.0 1.0 3024.0 0.0 2016.0 0.0 3024.0 1512.0 0.0 0.0 1.0 0.3318922092029129 -0.41374796290453364 0.8477385547117101 -152.8471956633561 0.2130194301588529 0.9083373840374794 0.3599261094163271 -106.28665905077072 -0.918951005057482 0.061128247700409706 0.3896059671132505 126.08705835204982 0.0 0.0 0.0 1.0
schleich_hereford_bull/multiview-05-ipad_5/images/003.jpg schleich_hereford_bull/multiview-05-ipad_5/images/010.jpg 0 0 3248.0001068115234 0.0 2016.0 0.0 3248.0001068115234 1512.0 0.0 0.0 1.0 3248.0001068115234 0.0 2016.0 0.0 3248.0001068115234 1512.0 0.0 0.0 1.0 0.9144885328524587 -0.20475158118697492 0.34898070354527216 -90.64571372190436 0.31292019619826256 0.9046766026838857 -0.28920790356323245 65.52849756724436 -0.2564989105116824 0.3736804131735256 0.8913872786816089 8.019314215069926 0.0 0.0 0.0 1.0
chicken_racer/multiview-10-pixel_4xl/images/009.jpg chicken_racer/multiview-10-pixel_4xl/images/019.jpg 0 0 3024.0 0.0 2016.0 0.0 3024.0 1512.0 0.0 0.0 1.0 3024.0 0.0 2016.0 0.0 3024.0 1512.0 0.0 0.0 1.0 0.6790125855970917 -0.7338283475860408 0.020896799989487895 2.41563608438827 0.54469898517585 0.5226862410145315 0.6558207871062434 -104.7933036948518 -0.49218313597936586 -0.43392857981095867 0.7546268325911066 9.127527512509857 0.0 0.0 0.0 1.0
3d_dollhouse_sink/multiview-01-pixel_5/images/000.jpg 3d_dollhouse_sink/multiview-01-pixel_5/images/003.jpg 0 0 3024.0 0.0 1512.0 0.0 3024.0 2016.0 0.0 0.0 1.0 3024.0 0.0 2016.0 0.0 3024.0 1512.0 0.0 0.0 1.0 0.26890126398631825 -0.7366040229364426 0.6205700247084724 -221.33744469402774 0.7907378699278266 0.5367040529691997 0.294419584643703 -42.49654629525957 -0.5499327524581372 0.4115384230434652 0.7267807507314629 25.15269104868625 0.0 0.0 0.0 1.0
circo_fish_toothbrush_holder_14995988/multiview-05-pixel_5/images/001.jpg circo_fish_toothbrush_holder_14995988/multiview-05-pixel_5/images/009.jpg 0 0 3024.0 0.0 2016.0 0.0 3024.0 1512.0 0.0 0.0 1.0 3024.0 0.0 2016.0 0.0 3024.0 1512.0 0.0 0.0 1.0 0.15608413771344606 -0.7619445606484474 0.6285521348957493 -154.42742153227778 0.5115856908794452 0.6067092977279075 0.6084272089592514 -181.72284800110663 -0.8449366678985067 0.2265922951843403 0.48449780327565956 105.7629811962856 0.0 0.0 0.0 1.0
circo_fish_toothbrush_holder_14995988/multiview-15-canon_t4i/images/018.jpg circo_fish_toothbrush_holder_14995988/multiview-15-canon_t4i/images/116.jpg 0 0 5328.810859680176 0.0 2592.0 0.0 5328.810859680176 1728.0 0.0 0.0 1.0 5328.810859680176 0.0 2592.0 0.0 5328.810859680176 1728.0 0.0 0.0 1.0 0.9737302010228119 0.21691385544524983 -0.06926670088907495 35.04261185078176 -0.07962564374272425 0.609355384037898 0.7888889512380713 -206.14188947464265 0.21332898259973637 -0.7626495885416205 0.6106196469959138 128.686960587499 0.0 0.0 0.0 1.0
welcome_sign_mushrooms/multiview-04-pixel_6pro/images/009.jpg welcome_sign_mushrooms/multiview-04-pixel_6pro/images/010.jpg 0 0 2720.000081062317 0.0 2040.0 0.0 2720.000081062317 1536.0 0.0 0.0 1.0 2720.000081062317 0.0 2040.0 0.0 2720.000081062317 1536.0 0.0 0.0 1.0 0.7444814543319359 -0.20053850859384476 0.6368138961224421 -95.53486444471835 0.450706766196291 0.8546440396472061 -0.2577736345803895 40.234646956713235 -0.4925554294490305 0.478923950615777 0.7266505531289936 91.86870577615116 0.0 0.0 0.0 1.0
schleich_african_black_rhino/multiview-10-ipad_5/images/017.jpg schleich_african_black_rhino/multiview-10-ipad_5/images/024.jpg 0 0 3248.0001068115234 0.0 2016.0 0.0 3248.0001068115234 1512.0 0.0 0.0 1.0 3248.0001068115234 0.0 2016.0 0.0 3248.0001068115234 1512.0 0.0 0.0 1.0 0.9969483478844134 -0.019495449896904295 0.07557618548204598 -20.670060469689567 0.03789020742490913 0.9674359277563586 -0.2502601327487109 102.45518058118904 -0.06823689981900949 0.25235965674411054 0.9652241826612054 -3.744366327115415 0.0 0.0 0.0 1.0
schleich_spinosaurus_action_figure/multiview-10-canon_t4i/images/016.jpg schleich_spinosaurus_action_figure/multiview-10-canon_t4i/images/017.jpg 0 0 6718.9355392456055 0.0 2592.0 0.0 6718.9355392456055 1728.0 0.0 0.0 1.0 6718.9355392456055 0.0 2592.0 0.0 6718.9355392456055 1728.0 0.0 0.0 1.0 0.9980261804590067 0.00814269853287519 0.06226843223692417 -13.689929042559006 -0.029477577843889248 0.9362749407513592 0.3500271050371138 -180.55660187731866 -0.055450524695513974 -0.3511717785695609 0.934666980670773 192.5190562043544 0.0 0.0 0.0 1.0
schleich_bald_eagle/multiview-11-canon_t4i/images/022.jpg schleich_bald_eagle/multiview-11-canon_t4i/images/032.jpg 0 0 5560.498718261719 0.0 2592.0 0.0 5560.498718261719 1728.0 0.0 0.0 1.0 5560.498718261719 0.0 2592.0 0.0 5560.498718261719 1728.0 0.0 0.0 1.0 0.40334575983327176 0.508837999282288 -0.7605235510702055 266.95127665772696 -0.8091648251566578 0.586429247292071 -0.03678443635375687 22.175161019262987 0.42727593074135967 0.6302258112690566 0.6482674285754393 93.16643697571175 0.0 0.0 0.0 1.0
welcome_sign_mushrooms/multiview-04-pixel_6pro/images/007.jpg welcome_sign_mushrooms/multiview-04-pixel_6pro/images/009.jpg 0 0 2720.000081062317 0.0 2040.0 0.0 2720.000081062317 1536.0 0.0 0.0 1.0 2720.000081062317 0.0 2040.0 0.0 2720.000081062317 1536.0 0.0 0.0 1.0 0.623179282664158 -0.3040563211704243 0.7205533037670607 -96.4149138778264 0.3027640270394243 0.9432840813554821 0.13619425670959606 -16.989207067908737 -0.7210973816346632 0.13328413207490236 0.6798925749613056 45.52287135584862 0.0 0.0 0.0 1.0
dino_4/multiview-09-ipad_5/images/004.jpg dino_4/multiview-09-ipad_5/images/040.jpg 0 0 3248.0001068115234 0.0 2016.0 0.0 3248.0001068115234 1512.0 0.0 0.0 1.0 3248.0001068115234 0.0 2016.0 0.0 3248.0001068115234 1512.0 0.0 0.0 1.0 0.9107857703481209 -0.06493689425763799 0.40774051257120913 -170.00563336515356 -0.2273779503491133 0.7454176158792202 0.6266187290583505 -263.1875827092064 -0.3446274396332634 -0.6634266885421457 0.6641507680130501 187.86990808008323 0.0 0.0 0.0 1.0
schleich_lion_action_figure/multiview-10-ipad_5/images/004.jpg schleich_lion_action_figure/multiview-10-ipad_5/images/017.jpg 0 0 3248.0001068115234 0.0 2016.0 0.0 3248.0001068115234 1512.0 0.0 0.0 1.0 3248.0001068115234 0.0 2016.0 0.0 3248.0001068115234 1512.0 0.0 0.0 1.0 0.14538770500513848 -0.20745102144791938 0.9673816730082686 -158.44764880332295 0.45922585371294805 0.8802130724655296 0.1197408216547391 -19.005231080702007 -0.8763415614351093 0.42683773304428313 0.223239439593157 177.23823330533128 0.0 0.0 0.0 1.0
schleich_lion_action_figure/multiview-07-pixel_5/images/007.jpg schleich_lion_action_figure/multiview-07-pixel_5/images/018.jpg 0 0 3024.0 0.0 2016.0 0.0 3024.0 1512.0 0.0 0.0 1.0 3024.0 0.0 2016.0 0.0 3024.0 1512.0 0.0 0.0 1.0 0.021995554885862054 -0.03452132458613254 0.9991619054011265 -218.4901095304627 0.2775678036659463 0.9603248612228498 0.027069079550893237 -20.90729144744778 -0.9604544348296646 0.27673976082797064 0.03070510857733013 206.400918815773 0.0 0.0 0.0 1.0
circo_fish_toothbrush_holder_14995988/multiview-05-pixel_5/images/003.jpg circo_fish_toothbrush_holder_14995988/multiview-05-pixel_5/images/009.jpg 0 0 3024.0 0.0 2016.0 0.0 3024.0 1512.0 0.0 0.0 1.0 3024.0 0.0 2016.0 0.0 3024.0 1512.0 0.0 0.0 1.0 0.9582426852472867 0.22301917492491158 -0.17897507609386934 69.95343044578304 -0.1628787796552695 0.9401179988154313 0.29941110253695263 -88.5303308227438 0.23503311622265657 -0.2577577227642741 0.9371872305920739 -2.5876552274093854 0.0 0.0 0.0 1.0
water_gun_toy_green/multiview-00-pixel_4a/images/001.jpg water_gun_toy_green/multiview-00-pixel_4a/images/009.jpg 0 0 2688.0000801086426 0.0 2016.0 0.0 2688.0000801086426 1512.0 0.0 0.0 1.0 2688.0000801086426 0.0 2016.0 0.0 2688.0000801086426 1512.0 0.0 0.0 1.0 0.9352319886141681 0.3283926672601534 -0.13228481061624106 76.23812924629567 -0.24793710812363698 0.8742429489770284 0.4174043490253549 -90.74663351483017 0.25272159643367526 -0.3575715563222932 0.899040783158266 20.123298905964106 0.0 0.0 0.0 1.0
schleich_hereford_bull/multiview-03-ipad_5/images/023.jpg schleich_hereford_bull/multiview-03-ipad_5/images/026.jpg 0 0 3248.0001068115234 0.0 2016.0 0.0 3248.0001068115234 1512.0 0.0 0.0 1.0 3248.0001068115234 0.0 2016.0 0.0 3248.0001068115234 1512.0 0.0 0.0 1.0 0.8004509718236383 -0.4553479686155952 0.38979166632360474 -76.86911348827624 0.46467384179044924 0.8821862841533177 0.07633063206885564 -79.68175464869933 -0.37862527095218634 0.12002736501833003 0.9177345484549623 13.546776450432048 0.0 0.0 0.0 1.0
tractor_green_showpiece/multiview-03-pixel_6pro/images/003.jpg tractor_green_showpiece/multiview-03-pixel_6pro/images/009.jpg 0 0 2720.000081062317 0.0 2040.0 0.0 2720.000081062317 1536.0 0.0 0.0 1.0 2720.000081062317 0.0 2040.0 0.0 2720.000081062317 1536.0 0.0 0.0 1.0 0.08338902016099103 0.842177599042155 -0.5327128601985054 125.48999615170817 -0.7920023228058956 0.3804491342040495 0.47748329064228084 -116.19900720726528 0.6047959317378644 0.3820928395834889 0.698732080350095 43.16493139605021 0.0 0.0 0.0 1.0
water_gun_toy_yellow/multiview-02-pixel_6pro/images/000.jpg water_gun_toy_yellow/multiview-02-pixel_6pro/images/011.jpg 0 0 2720.000081062317 0.0 2040.0 0.0 2720.000081062317 1536.0 0.0 0.0 1.0 2720.000081062317 0.0 2040.0 0.0 2720.000081062317 1536.0 0.0 0.0 1.0 0.5848336489091392 -0.7297375383738136 0.3541926283299961 -163.05959045544404 0.48335433129859845 0.6641778279092336 0.5702940486601453 -200.43556408859547 -0.6514122255482053 -0.1623265112462187 0.7411552862034191 23.72869511463955 0.0 0.0 0.0 1.0
water_gun_toy_yellow/multiview-04-pixel_6pro/images/002.jpg water_gun_toy_yellow/multiview-04-pixel_6pro/images/005.jpg 0 0 2720.000081062317 0.0 2040.0 0.0 2720.000081062317 1536.0 0.0 0.0 1.0 2720.000081062317 0.0 2040.0 0.0 2720.000081062317 1536.0 0.0 0.0 1.0 0.9971289081881803 -0.03183757627404143 0.06869949275508676 -18.85052969755339 0.01840340199808179 0.9820005129096555 0.18797797858890386 -67.65367051481088 -0.0734476484052191 -0.18617383135816165 0.9797676344590489 12.635858688027724 0.0 0.0 0.0 1.0
schleich_bald_eagle/multiview-07-pixel_5/images/013.jpg schleich_bald_eagle/multiview-07-pixel_5/images/022.jpg 0 0 3024.0 0.0 2016.0 0.0 3024.0 1512.0 0.0 0.0 1.0 3024.0 0.0 2016.0 0.0 3024.0 1512.0 0.0 0.0 1.0 0.23549402040947487 -0.40538494196736763 0.8832927814550169 -221.34631104415874 0.7767192619946484 0.6247888649837252 0.0796647050345437 -33.8078436822737 -0.5841659690786174 0.6673097865137343 0.46200410575598894 83.9310780967451 0.0 0.0 0.0 1.0
pumpkin_showpiece_s/multiview-02-pixel_6pro/images/002.jpg pumpkin_showpiece_s/multiview-02-pixel_6pro/images/011.jpg 0 0 2720.000081062317 0.0 2040.0 0.0 2720.000081062317 1536.0 0.0 0.0 1.0 2720.000081062317 0.0 2040.0 0.0 2720.000081062317 1536.0 0.0 0.0 1.0 0.9092311355681437 -0.4003968041057812 0.11393834714171323 -39.53348779045205 0.32391023564456767 0.8523699815079415 0.4105465256405248 -84.19236995439798 -0.2614991474562504 -0.33637539595823074 0.9046932734481481 80.03561551775695 0.0 0.0 0.0 1.0
schleich_african_black_rhino/multiview-01-pixel_5/images/004.jpg schleich_african_black_rhino/multiview-01-pixel_5/images/010.jpg 0 0 3024.0 0.0 2016.0 0.0 3024.0 1512.0 0.0 0.0 1.0 3024.0 0.0 2016.0 0.0 3024.0 1512.0 0.0 0.0 1.0 0.10445201106723363 0.7925603030548481 -0.600781411311095 200.0382993317376 -0.6340007266702318 0.5184889937409977 0.5737711037229875 -128.55479586410635 0.7662465923823173 0.3209645378503592 0.5566406511767855 103.45710978414928 0.0 0.0 0.0 1.0
circo_fish_toothbrush_holder_14995988/multiview-10-pixel_5/images/012.jpg circo_fish_toothbrush_holder_14995988/multiview-10-pixel_5/images/020.jpg 0 0 3024.0 0.0 2016.0 0.0 3024.0 1512.0 0.0 0.0 1.0 3024.0 0.0 2016.0 0.0 3024.0 1512.0 0.0 0.0 1.0 0.3268836356495991 -0.2842591763065641 0.9013013923576944 -152.27414866639398 0.5086972499778224 0.8566711512947539 0.08568932838778358 2.3647679826282832 -0.796476673753095 0.4304791410238933 0.4246331335119437 262.8126063207219 0.0 0.0 0.0 1.0
weisshai_great_white_shark/multiview-07-ipad_5/images/008.jpg weisshai_great_white_shark/multiview-07-ipad_5/images/014.jpg 0 0 3248.0001068115234 0.0 2016.0 0.0 3248.0001068115234 1512.0 0.0 0.0 1.0 3248.0001068115234 0.0 2016.0 0.0 3248.0001068115234 1512.0 0.0 0.0 1.0 0.7070439983913867 -0.009271166913212343 -0.707108821105111 215.09885095492152 0.2228970419915428 0.9518672733614559 0.21039610112229126 -35.112475205744026 0.6711230805041054 -0.3063717579416912 0.6750785729223068 48.15710834887048 0.0 0.0 0.0 1.0
keywest_showpiece_s/multiview-01-pixel_6pro/images/002.jpg keywest_showpiece_s/multiview-01-pixel_6pro/images/008.jpg 0 0 2720.000081062317 0.0 2040.0 0.0 2720.000081062317 1536.0 0.0 0.0 1.0 2720.000081062317 0.0 2040.0 0.0 2720.000081062317 1536.0 0.0 0.0 1.0 0.9764547629677907 0.2130757611134255 0.03368999079484239 3.120733843561565 -0.1767239841554152 0.700552557100933 0.6913720621748929 -191.8310312336935 0.12371271130393523 -0.6810472470841087 0.7217134005517782 60.94005606761115 0.0 0.0 0.0 1.0
dino_4/multiview-09-pixel_5/images/008.jpg dino_4/multiview-09-pixel_5/images/011.jpg 0 0 3024.0 0.0 2016.0 0.0 3024.0 1512.0 0.0 0.0 1.0 3024.0 0.0 2016.0 0.0 3024.0 1512.0 0.0 0.0 1.0 0.9588849827121606 -0.17448494773114584 0.22381827300017584 -56.01051781624103 -0.025775054703315058 0.7318587363408657 0.6809698943311742 -159.6099839775719 -0.28262235351434206 -0.6587407222420409 0.6972709884658126 84.82492664009206 0.0 0.0 0.0 1.0
tractor_green_showpiece/multiview-00-pixel_4a/images/002.jpg tractor_green_showpiece/multiview-00-pixel_4a/images/012.jpg 0 0 3024.0 0.0 2016.0 0.0 3024.0 1512.0 0.0 0.0 1.0 3024.0 0.0 2016.0 0.0 3024.0 1512.0 0.0 0.0 1.0 0.04659472871121875 -0.38898810038490284 0.9200638221434009 -132.3200737814765 0.43215205013014407 0.8382588071408513 0.33251674128326186 -40.113016649092444 -0.9005964009905792 0.3821137269842349 0.20716072462662025 126.34945080030255 0.0 0.0 0.0 1.0
ice_cream_cart_showpiece/multiview-01-pixel_4a/images/006.jpg ice_cream_cart_showpiece/multiview-01-pixel_4a/images/007.jpg 0 0 3024.0 0.0 2016.0 0.0 3024.0 1512.0 0.0 0.0 1.0 3024.0 0.0 2016.0 0.0 3024.0 1512.0 0.0 0.0 1.0 0.6168381490866527 -0.5455916058219076 0.5673100947644506 -107.20072436177502 0.5349703166168797 0.8193054983644653 0.2062648507332118 -41.97279608114769 -0.5773364175192519 0.1762620643614857 0.7972541493561758 53.56023309107991 0.0 0.0 0.0 1.0
bunny_racer/multiview-09-pixel_4xl/images/002.jpg bunny_racer/multiview-09-pixel_4xl/images/005.jpg 0 0 3024.0 0.0 2016.0 0.0 3024.0 1512.0 0.0 0.0 1.0 3024.0 0.0 2016.0 0.0 3024.0 1512.0 0.0 0.0 1.0 0.19472250614613598 -0.6692484446248315 0.7170696031772812 -191.4247761567194 0.47319221944831974 0.7044601664969873 0.5289833130571958 -184.32465626373215 -0.8591692032892768 0.23630765654178462 0.45385705986294617 113.8196701101777 0.0 0.0 0.0 1.0
school_bus/multiview-09-pixel_4xl/images/000.jpg school_bus/multiview-09-pixel_4xl/images/017.jpg 0 0 3024.0 0.0 2016.0 0.0 3024.0 1512.0 0.0 0.0 1.0 3024.0 0.0 2016.0 0.0 3024.0 1512.0 0.0 0.0 1.0 0.9824375925967559 -0.09713145842478428 -0.15931663422609432 71.61229751573838 0.08549219005346986 0.993251358830201 -0.07836712538018138 8.823428319115635 0.16585367487101127 0.06337045300752511 0.9841114734354217 -4.468160287253113 0.0 0.0 0.0 1.0
schleich_hereford_bull/multiview-05-ipad_5/images/011.jpg schleich_hereford_bull/multiview-05-ipad_5/images/018.jpg 0 0 3248.0001068115234 0.0 2016.0 0.0 3248.0001068115234 1512.0 0.0 0.0 1.0 3248.0001068115234 0.0 2016.0 0.0 3248.0001068115234 1512.0 0.0 0.0 1.0 0.707084582422923 -0.2568018267397113 0.6588507845569339 -156.16276110561415 0.08348277179453881 0.9555262436739497 0.2828431684567507 -68.81623602802185 -0.7021838809003886 -0.14499146778674402 0.6970763377491657 238.0223196682274 0.0 0.0 0.0 1.0
garbage_truck_green_toy_s/multiview-02-pixel_6pro/images/002.jpg garbage_truck_green_toy_s/multiview-02-pixel_6pro/images/011.jpg 0 0 2720.000081062317 0.0 2040.0 0.0 2720.000081062317 1536.0 0.0 0.0 1.0 2720.000081062317 0.0 2040.0 0.0 2720.000081062317 1536.0 0.0 0.0 1.0 0.7314616382031011 0.5726000943186201 -0.3702588816155714 80.20406105303955 -0.3608839734957498 0.7857956593464841 0.5022811680157214 -155.47457197767542 0.5785553863498575 -0.2337791265672038 0.7814221510472117 38.66630254524836 0.0 0.0 0.0 1.0
water_gun_toy_white/multiview-03-pixel_6pro/images/000.jpg water_gun_toy_white/multiview-03-pixel_6pro/images/001.jpg 0 0 2720.000081062317 0.0 2040.0 0.0 2720.000081062317 1536.0 0.0 0.0 1.0 2720.000081062317 0.0 2040.0 0.0 2720.000081062317 1536.0 0.0 0.0 1.0 0.781580876248333 0.3528868858008785 -0.5143948687304418 149.48083173389844 -0.2864542888722508 0.935559644972571 0.2065718541899951 -50.7432654543623 0.5541436772480327 -0.014101936860199622 0.8323015228552734 48.5029368269729 0.0 0.0 0.0 1.0
schleich_spinosaurus_action_figure/multiview-09-pixel_7/images/033.jpg schleich_spinosaurus_action_figure/multiview-09-pixel_7/images/034.jpg 0 0 2720.000081062317 0.0 2040.0 0.0 2720.000081062317 1536.0 0.0 0.0 1.0 2720.000081062317 0.0 2040.0 0.0 2720.000081062317 1536.0 0.0 0.0 1.0 0.21954422191819117 0.8698679313346214 -0.44173433357355035 120.81651549855883 -0.5536484364553366 0.48389629113075766 0.6777290517397798 -198.8537096563142 0.8032883151657961 0.09577381827913944 0.5878383725559757 101.81388210757257 0.0 0.0 0.0 1.0
school_bus/multiview-12-ipad_5/images/006.jpg school_bus/multiview-12-ipad_5/images/013.jpg 0 0 3248.0001068115234 0.0 2016.0 0.0 3248.0001068115234 1512.0 0.0 0.0 1.0 3248.0001068115234 0.0 2016.0 0.0 3248.0001068115234 1512.0 0.0 0.0 1.0 0.5988559694808846 -0.3516100878745374 0.7195427614567828 -106.31903345612452 0.526063382735543 0.8501505897037881 -0.02239572744652979 11.468386385751671 -0.6038452596548421 0.3919369358727551 0.6940869317122867 106.57894402182502 0.0 0.0 0.0 1.0
circo_fish_toothbrush_holder_14995988/multiview-07-pixel_5/images/003.jpg circo_fish_toothbrush_holder_14995988/multiview-07-pixel_5/images/006.jpg 0 0 3024.0 0.0 2016.0 0.0 3024.0 1512.0 0.0 0.0 1.0 3024.0 0.0 2016.0 0.0 3024.0 1512.0 0.0 0.0 1.0 0.5386787449312876 -0.4888172788046937 0.6862099842064785 -262.8620518814223 0.40955688434977566 0.8636999008924118 0.2937467127071725 -131.14991101370208 -0.7362672278221561 0.12280721477679432 0.6654542034379289 81.08682370748153 0.0 0.0 0.0 1.0
