scans_test/scene0707_00/sens/frame-000015.color.jpg scans_test/scene0707_00/sens/frame-000585.color.jpg 0 0 1165.72 0. 649.095 0. 1165.74 484.765 0. 0. 1. 1165.72 0. 649.095 0. 1165.74 484.765 0. 0. 1. 0.97598 0.05925 0.20966 -0.03968 -0.08203 0.99143 0.10171 0.00746 -0.20184 -0.11647 0.97247 0.54255 0. 0. 0. 1.
scans_test/scene0707_00/sens/frame-000045.color.jpg scans_test/scene0707_00/sens/frame-000105.color.jpg 0 0 1165.72 0. 649.095 0. 1165.74 484.765 0. 0. 1. 1165.72 0. 649.095 0. 1165.74 484.765 0. 0. 1. 0.77816 0.13791 -0.61274 0.91886 -0.15647 0.9874 0.02354 0.19041 0.60827 0.07756 0.78994 -0.42882 0. 0. 0. 1.
scans_test/scene0707_00/sens/frame-000045.color.jpg scans_test/scene0707_00/sens/frame-000690.color.jpg 0 0 1165.72 0. 649.095 0. 1165.74 484.765 0. 0. 1. 1165.72 0. 649.095 0. 1165.74 484.765 0. 0. 1. 0.65802 0.24299 -0.71272 0.57467 -0.20945 0.96821 0.13673 0.11195 0.72329 0.05931 0.688 -0.35587 0. 0. 0. 1.
scans_test/scene0707_00/sens/frame-000060.color.jpg scans_test/scene0707_00/sens/frame-000585.color.jpg 0 0 1165.72 0. 649.095 0. 1165.74 484.765 0. 0. 1. 1165.72 0. 649.095 0. 1165.74 484.765 0. 0. 1. 0.85765 -0.04088 0.5126 -0.23696 0.00915 0.99789 0.06428 -0.17678 -0.51415 -0.05044 0.85622 1.22381 0. 0. 0. 1.
scans_test/scene0707_00/sens/frame-000090.color.jpg scans_test/scene0707_00/sens/frame-000660.color.jpg 0 0 1165.72 0. 649.095 0. 1165.74 484.765 0. 0. 1. 1165.72 0. 649.095 0. 1165.74 484.765 0. 0. 1. 0.99841 0.0249 -0.05066 -0.47351 -0.02302 0.99904 0.03736 -0.06462 0.05154 -0.03613 0.99802 0.26685 0. 0. 0. 1.
scans_test/scene0707_00/sens/frame-000105.color.jpg scans_test/scene0707_00/sens/frame-000600.color.jpg 0 0 1165.72 0. 649.095 0. 1165.74 484.765 0. 0. 1. 1165.72 0. 649.095 0. 1165.74 484.765 0. 0. 1. 0.67112 -0.11728 0.73201 -0.44637 0.0291 0.99081 0.13207 -0.15429 -0.74078 -0.06734 0.66837 1.71323 0. 0. 0. 1.
scans_test/scene0707_00/sens/frame-000135.color.jpg scans_test/scene0707_00/sens/frame-000165.color.jpg 0 0 1165.72 0. 649.095 0. 1165.74 484.765 0. 0. 1. 1165.72 0. 649.095 0. 1165.74 484.765 0. 0. 1. 0.89928 0.11245 -0.42267 0.09949 -0.10081 0.99365 0.04988 -0.00761 0.4256 -0.00225 0.90491 0.06813 0. 0. 0. 1.
scans_test/scene0707_00/sens/frame-000150.color.jpg scans_test/scene0707_00/sens/frame-000660.color.jpg 0 0 1165.72 0. 649.095 0. 1165.74 484.765 0. 0. 1. 1165.72 0. 649.095 0. 1165.74 484.765 0. 0. 1. 0.80931 -0.1093 0.57712 -0.91564 0.10264 0.99373 0.04427 -0.17732 -0.57834 0.02341 0.81546 0.77839 0. 0. 0. 1.
scans_test/scene0707_00/sens/frame-000150.color.jpg scans_test/scene0707_00/sens/frame-000690.color.jpg 0 0 1165.72 0. 649.095 0. 1165.74 484.765 0. 0. 1. 1165.72 0. 649.095 0. 1165.74 484.765 0. 0. 1. 0.96074 -0.0024 0.27744 -0.81288 0.00543 0.99993 -0.01013 -0.00984 -0.2774 0.01124 0.96069 0.17434 0. 0. 0. 1.
scans_test/scene0707_00/sens/frame-000165.color.jpg scans_test/scene0707_00/sens/frame-000660.color.jpg 0 0 1165.72 0. 649.095 0. 1165.74 484.765 0. 0. 1. 1165.72 0. 649.095 0. 1165.74 484.765 0. 0. 1. 0.67829 -0.17927 0.71259 -0.93488 0.15765 0.9827 0.09716 -0.16626 -0.71768 0.04644 0.69482 0.74361 0. 0. 0. 1.
